   -44.342     -3.411      0.000
   -44.342      0.000     -3.411
   -44.342      0.000      3.411
   -44.342      3.411      0.000
   -37.521    -10.233     -6.822
   -37.521    -10.233      0.000
   -37.521    -10.233      6.822
   -37.521     -6.822    -10.233
   -40.931     -3.411     -3.411
   -37.521     -6.822     -3.411
   -37.521     -3.411     -6.822
   -40.931     -6.822      0.000
   -40.931     -3.411      3.411
   -37.521     -6.822      3.411
   -37.521     -3.411      0.000
   -37.521     -6.822     10.233
   -37.521     -3.411      6.822
   -37.521      0.000    -10.233
   -40.931      0.000     -6.822
   -40.931      3.411     -3.411
   -37.521      0.000     -3.411
   -37.521      3.411     -6.822
   -40.931      0.000      0.000
   -40.931      3.411      3.411
   -37.521      0.000      3.411
   -37.521      3.411      0.000
   -40.931      0.000      6.822
   -37.521      0.000     10.233
   -37.521      3.411      6.822
   -37.521      6.822    -10.233
   -37.521      6.822     -3.411
   -37.521     10.233     -6.822
   -40.931      6.822      0.000
   -37.521      6.822      3.411
   -37.521     10.233      0.000
   -37.521      6.822     10.233
   -37.521     10.233      6.822
   -30.699    -17.055    -13.644
   -30.699    -17.055     -6.822
   -30.699    -17.055      0.000
   -30.699    -17.055      6.822
   -30.699    -17.055     13.644
   -30.699    -13.644    -17.055
   -34.110    -10.233    -10.233
   -30.699    -13.644    -10.233
   -30.699    -10.233    -13.644
   -34.110    -13.644     -6.822
   -34.110    -10.233     -3.411
   -30.699    -13.644     -3.411
   -30.699    -10.233     -6.822
   -34.110    -13.644      0.000
   -34.110    -10.233      3.411
   -30.699    -13.644      3.411
   -30.699    -10.233      0.000
   -34.110    -13.644      6.822
   -34.110    -10.233     10.233
   -30.699    -13.644     10.233
   -30.699    -10.233      6.822
   -30.699    -13.644     17.055
   -30.699    -10.233     13.644
   -30.699     -6.822    -17.055
   -34.110     -6.822    -13.644
   -34.110     -3.411    -10.233
   -30.699     -6.822    -10.233
   -30.699     -3.411    -13.644
   -34.110     -6.822     -6.822
   -34.110     -3.411     -3.411
   -30.699     -6.822     -3.411
   -30.699     -3.411     -6.822
   -34.110     -6.822      0.000
   -34.110     -3.411      3.411
   -30.699     -6.822      3.411
   -30.699     -3.411      0.000
   -34.110     -6.822      6.822
   -34.110     -3.411     10.233
   -30.699     -6.822     10.233
   -30.699     -3.411      6.822
   -34.110     -6.822     13.644
   -30.699     -6.822     17.055
   -30.699     -3.411     13.644
   -30.699      0.000    -17.055
   -34.110      0.000    -13.644
   -34.110      3.411    -10.233
   -30.699      0.000    -10.233
   -30.699      3.411    -13.644
   -34.110      0.000     -6.822
   -34.110      3.411     -3.411
   -30.699      0.000     -3.411
   -30.699      3.411     -6.822
   -34.110      0.000      0.000
   -34.110      3.411      3.411
   -30.699      0.000      3.411
   -30.699      3.411      0.000
   -34.110      0.000      6.822
   -34.110      3.411     10.233
   -30.699      0.000     10.233
   -30.699      3.411      6.822
   -34.110      0.000     13.644
   -30.699      0.000     17.055
   -30.699      3.411     13.644
   -30.699      6.822    -17.055
   -34.110      6.822    -13.644
   -34.110     10.233    -10.233
   -30.699      6.822    -10.233
   -30.699     10.233    -13.644
   -34.110      6.822     -6.822
   -34.110     10.233     -3.411
   -30.699      6.822     -3.411
   -30.699     10.233     -6.822
   -34.110      6.822      0.000
   -34.110     10.233      3.411
   -30.699      6.822      3.411
   -30.699     10.233      0.000
   -34.110      6.822      6.822
   -34.110     10.233     10.233
   -30.699      6.822     10.233
   -30.699     10.233      6.822
   -34.110      6.822     13.644
   -30.699      6.822     17.055
   -30.699     10.233     13.644
   -30.699     13.644    -17.055
   -30.699     13.644    -10.233
   -30.699     17.055    -13.644
   -34.110     13.644     -6.822
   -30.699     13.644     -3.411
   -30.699     17.055     -6.822
   -34.110     13.644      0.000
   -30.699     13.644      3.411
   -30.699     17.055      0.000
   -34.110     13.644      6.822
   -30.699     13.644     10.233
   -30.699     17.055      6.822
   -30.699     13.644     17.055
   -30.699     17.055     13.644
   -23.877    -23.877    -20.466
   -23.877    -23.877    -13.644
   -23.877    -23.877     -6.822
   -23.877    -23.877      0.000
   -23.877    -23.877      6.822
   -23.877    -23.877     13.644
   -23.877    -23.877     20.466
   -23.877    -20.466    -23.877
   -27.288    -17.055    -17.055
   -23.877    -20.466    -17.055
   -23.877    -17.055    -20.466
   -27.288    -20.466    -13.644
   -27.288    -17.055    -10.233
   -23.877    -20.466    -10.233
   -23.877    -17.055    -13.644
   -27.288    -20.466     -6.822
   -27.288    -17.055     -3.411
   -23.877    -20.466     -3.411
   -23.877    -17.055     -6.822
   -27.288    -20.466      0.000
   -27.288    -17.055      3.411
   -23.877    -20.466      3.411
   -23.877    -17.055      0.000
   -27.288    -20.466      6.822
   -27.288    -17.055     10.233
   -23.877    -20.466     10.233
   -23.877    -17.055      6.822
   -27.288    -20.466     13.644
   -27.288    -17.055     17.055
   -23.877    -20.466     17.055
   -23.877    -17.055     13.644
   -23.877    -20.466     23.877
   -23.877    -17.055     20.466
   -23.877    -13.644    -23.877
   -27.288    -13.644    -20.466
   -27.288    -10.233    -17.055
   -23.877    -13.644    -17.055
   -23.877    -10.233    -20.466
   -27.288    -13.644    -13.644
   -27.288    -10.233    -10.233
   -23.877    -13.644    -10.233
   -23.877    -10.233    -13.644
   -27.288    -13.644     -6.822
   -27.288    -10.233     -3.411
   -23.877    -13.644     -3.411
   -23.877    -10.233     -6.822
   -27.288    -13.644      0.000
   -27.288    -10.233      3.411
   -23.877    -13.644      3.411
   -23.877    -10.233      0.000
   -27.288    -13.644      6.822
   -27.288    -10.233     10.233
   -23.877    -13.644     10.233
   -23.877    -10.233      6.822
   -27.288    -13.644     13.644
   -27.288    -10.233     17.055
   -23.877    -13.644     17.055
   -23.877    -10.233     13.644
   -27.288    -13.644     20.466
   -23.877    -13.644     23.877
   -23.877    -10.233     20.466
   -23.877     -6.822    -23.877
   -27.288     -6.822    -20.466
   -27.288     -3.411    -17.055
   -23.877     -6.822    -17.055
   -23.877     -3.411    -20.466
   -27.288     -6.822    -13.644
   -27.288     -3.411    -10.233
   -23.877     -6.822    -10.233
   -23.877     -3.411    -13.644
   -27.288     -6.822     -6.822
   -27.288     -3.411     -3.411
   -23.877     -6.822     -3.411
   -23.877     -3.411     -6.822
   -27.288     -6.822      0.000
   -27.288     -3.411      3.411
   -23.877     -6.822      3.411
   -23.877     -3.411      0.000
   -27.288     -6.822      6.822
   -27.288     -3.411     10.233
   -23.877     -6.822     10.233
   -23.877     -3.411      6.822
   -27.288     -6.822     13.644
   -27.288     -3.411     17.055
   -23.877     -6.822     17.055
   -23.877     -3.411     13.644
   -27.288     -6.822     20.466
   -23.877     -6.822     23.877
   -23.877     -3.411     20.466
   -23.877      0.000    -23.877
   -27.288      0.000    -20.466
   -27.288      3.411    -17.055
   -23.877      0.000    -17.055
   -23.877      3.411    -20.466
   -27.288      0.000    -13.644
   -27.288      3.411    -10.233
   -23.877      0.000    -10.233
   -23.877      3.411    -13.644
   -27.288      0.000     -6.822
   -27.288      3.411     -3.411
   -23.877      0.000     -3.411
   -23.877      3.411     -6.822
   -27.288      0.000      0.000
   -27.288      3.411      3.411
   -23.877      0.000      3.411
   -23.877      3.411      0.000
   -27.288      0.000      6.822
   -27.288      3.411     10.233
   -23.877      0.000     10.233
   -23.877      3.411      6.822
   -27.288      0.000     13.644
   -27.288      3.411     17.055
   -23.877      0.000     17.055
   -23.877      3.411     13.644
   -27.288      0.000     20.466
   -23.877      0.000     23.877
   -23.877      3.411     20.466
   -23.877      6.822    -23.877
   -27.288      6.822    -20.466
   -27.288     10.233    -17.055
   -23.877      6.822    -17.055
   -23.877     10.233    -20.466
   -27.288      6.822    -13.644
   -27.288     10.233    -10.233
   -23.877      6.822    -10.233
   -23.877     10.233    -13.644
   -27.288      6.822     -6.822
   -27.288     10.233     -3.411
   -23.877      6.822     -3.411
   -23.877     10.233     -6.822
   -27.288      6.822      0.000
   -27.288     10.233      3.411
   -23.877      6.822      3.411
   -23.877     10.233      0.000
   -27.288      6.822      6.822
   -27.288     10.233     10.233
   -23.877      6.822     10.233
   -23.877     10.233      6.822
   -27.288      6.822     13.644
   -27.288     10.233     17.055
   -23.877      6.822     17.055
   -23.877     10.233     13.644
   -27.288      6.822     20.466
   -23.877      6.822     23.877
   -23.877     10.233     20.466
   -23.877     13.644    -23.877
   -27.288     13.644    -20.466
   -27.288     17.055    -17.055
   -23.877     13.644    -17.055
   -23.877     17.055    -20.466
   -27.288     13.644    -13.644
   -27.288     17.055    -10.233
   -23.877     13.644    -10.233
   -23.877     17.055    -13.644
   -27.288     13.644     -6.822
   -27.288     17.055     -3.411
   -23.877     13.644     -3.411
   -23.877     17.055     -6.822
   -27.288     13.644      0.000
   -27.288     17.055      3.411
   -23.877     13.644      3.411
   -23.877     17.055      0.000
   -27.288     13.644      6.822
   -27.288     17.055     10.233
   -23.877     13.644     10.233
   -23.877     17.055      6.822
   -27.288     13.644     13.644
   -27.288     17.055     17.055
   -23.877     13.644     17.055
   -23.877     17.055     13.644
   -27.288     13.644     20.466
   -23.877     13.644     23.877
   -23.877     17.055     20.466
   -23.877     20.466    -23.877
   -23.877     20.466    -17.055
   -23.877     23.877    -20.466
   -27.288     20.466    -13.644
   -23.877     20.466    -10.233
   -23.877     23.877    -13.644
   -27.288     20.466     -6.822
   -23.877     20.466     -3.411
   -23.877     23.877     -6.822
   -27.288     20.466      0.000
   -23.877     20.466      3.411
   -23.877     23.877      0.000
   -27.288     20.466      6.822
   -23.877     20.466     10.233
   -23.877     23.877      6.822
   -27.288     20.466     13.644
   -23.877     20.466     17.055
   -23.877     23.877     13.644
   -23.877     20.466     23.877
   -23.877     23.877     20.466
   -17.055    -30.699    -13.644
   -17.055    -30.699     -6.822
   -17.055    -30.699      0.000
   -17.055    -30.699      6.822
   -17.055    -30.699     13.644
   -20.466    -23.877    -23.877
   -20.466    -23.877    -17.055
   -17.055    -27.288    -17.055
   -17.055    -23.877    -20.466
   -20.466    -27.288    -13.644
   -20.466    -23.877    -10.233
   -17.055    -27.288    -10.233
   -17.055    -23.877    -13.644
   -20.466    -27.288     -6.822
   -20.466    -23.877     -3.411
   -17.055    -27.288     -3.411
   -17.055    -23.877     -6.822
   -20.466    -27.288      0.000
   -20.466    -23.877      3.411
   -17.055    -27.288      3.411
   -17.055    -23.877      0.000
   -20.466    -27.288      6.822
   -20.466    -23.877     10.233
   -17.055    -27.288     10.233
   -17.055    -23.877      6.822
   -20.466    -27.288     13.644
   -20.466    -23.877     17.055
   -17.055    -27.288     17.055
   -17.055    -23.877     13.644
   -20.466    -23.877     23.877
   -17.055    -23.877     20.466
   -20.466    -17.055    -23.877
   -17.055    -20.466    -23.877
   -17.055    -17.055    -27.288
   -20.466    -20.466    -20.466
   -20.466    -17.055    -17.055
   -17.055    -20.466    -17.055
   -17.055    -17.055    -20.466
   -20.466    -20.466    -13.644
   -20.466    -17.055    -10.233
   -17.055    -20.466    -10.233
   -17.055    -17.055    -13.644
   -20.466    -20.466     -6.822
   -20.466    -17.055     -3.411
   -17.055    -20.466     -3.411
   -17.055    -17.055     -6.822
   -20.466    -20.466      0.000
   -20.466    -17.055      3.411
   -17.055    -20.466      3.411
   -17.055    -17.055      0.000
   -20.466    -20.466      6.822
   -20.466    -17.055     10.233
   -17.055    -20.466     10.233
   -17.055    -17.055      6.822
   -20.466    -20.466     13.644
   -20.466    -17.055     17.055
   -17.055    -20.466     17.055
   -17.055    -17.055     13.644
   -20.466    -20.466     20.466
   -20.466    -17.055     23.877
   -17.055    -20.466     23.877
   -17.055    -17.055     20.466
   -17.055    -17.055     27.288
   -17.055    -13.644    -30.699
   -20.466    -13.644    -27.288
   -20.466    -10.233    -23.877
   -17.055    -13.644    -23.877
   -17.055    -10.233    -27.288
   -20.466    -13.644    -20.466
   -20.466    -10.233    -17.055
   -17.055    -13.644    -17.055
   -17.055    -10.233    -20.466
   -20.466    -13.644    -13.644
   -20.466    -10.233    -10.233
   -17.055    -13.644    -10.233
   -17.055    -10.233    -13.644
   -20.466    -13.644     -6.822
   -20.466    -10.233     -3.411
   -17.055    -13.644     -3.411
   -17.055    -10.233     -6.822
   -20.466    -13.644      0.000
   -20.466    -10.233      3.411
   -17.055    -13.644      3.411
   -17.055    -10.233      0.000
   -20.466    -13.644      6.822
   -20.466    -10.233     10.233
   -17.055    -13.644     10.233
   -17.055    -10.233      6.822
   -20.466    -13.644     13.644
   -20.466    -10.233     17.055
   -17.055    -13.644     17.055
   -17.055    -10.233     13.644
   -20.466    -13.644     20.466
   -20.466    -10.233     23.877
   -17.055    -13.644     23.877
   -17.055    -10.233     20.466
   -20.466    -13.644     27.288
   -17.055    -13.644     30.699
   -17.055    -10.233     27.288
   -17.055     -6.822    -30.699
   -20.466     -6.822    -27.288
   -20.466     -3.411    -23.877
   -17.055     -6.822    -23.877
   -17.055     -3.411    -27.288
   -20.466     -6.822    -20.466
   -20.466     -3.411    -17.055
   -17.055     -6.822    -17.055
   -17.055     -3.411    -20.466
   -20.466     -6.822    -13.644
   -20.466     -3.411    -10.233
   -17.055     -6.822    -10.233
   -17.055     -3.411    -13.644
   -20.466     -6.822     -6.822
   -20.466     -3.411     -3.411
   -17.055     -6.822     -3.411
   -17.055     -3.411     -6.822
   -20.466     -6.822      0.000
   -20.466     -3.411      3.411
   -17.055     -6.822      3.411
   -17.055     -3.411      0.000
   -20.466     -6.822      6.822
   -20.466     -3.411     10.233
   -17.055     -6.822     10.233
   -17.055     -3.411      6.822
   -20.466     -6.822     13.644
   -20.466     -3.411     17.055
   -17.055     -6.822     17.055
   -17.055     -3.411     13.644
   -20.466     -6.822     20.466
   -20.466     -3.411     23.877
   -17.055     -6.822     23.877
   -17.055     -3.411     20.466
   -20.466     -6.822     27.288
   -17.055     -6.822     30.699
   -17.055     -3.411     27.288
   -17.055      0.000    -30.699
   -20.466      0.000    -27.288
   -20.466      3.411    -23.877
   -17.055      0.000    -23.877
   -17.055      3.411    -27.288
   -20.466      0.000    -20.466
   -20.466      3.411    -17.055
   -17.055      0.000    -17.055
   -17.055      3.411    -20.466
   -20.466      0.000    -13.644
   -20.466      3.411    -10.233
   -17.055      0.000    -10.233
   -17.055      3.411    -13.644
   -20.466      0.000     -6.822
   -20.466      3.411     -3.411
   -17.055      0.000     -3.411
   -17.055      3.411     -6.822
   -20.466      0.000      0.000
   -20.466      3.411      3.411
   -17.055      0.000      3.411
   -17.055      3.411      0.000
   -20.466      0.000      6.822
   -20.466      3.411     10.233
   -17.055      0.000     10.233
   -17.055      3.411      6.822
   -20.466      0.000     13.644
   -20.466      3.411     17.055
   -17.055      0.000     17.055
   -17.055      3.411     13.644
   -20.466      0.000     20.466
   -20.466      3.411     23.877
   -17.055      0.000     23.877
   -17.055      3.411     20.466
   -20.466      0.000     27.288
   -17.055      0.000     30.699
   -17.055      3.411     27.288
   -17.055      6.822    -30.699
   -20.466      6.822    -27.288
   -20.466     10.233    -23.877
   -17.055      6.822    -23.877
   -17.055     10.233    -27.288
   -20.466      6.822    -20.466
   -20.466     10.233    -17.055
   -17.055      6.822    -17.055
   -17.055     10.233    -20.466
   -20.466      6.822    -13.644
   -20.466     10.233    -10.233
   -17.055      6.822    -10.233
   -17.055     10.233    -13.644
   -20.466      6.822     -6.822
   -20.466     10.233     -3.411
   -17.055      6.822     -3.411
   -17.055     10.233     -6.822
   -20.466      6.822      0.000
   -20.466     10.233      3.411
   -17.055      6.822      3.411
   -17.055     10.233      0.000
   -20.466      6.822      6.822
   -20.466     10.233     10.233
   -17.055      6.822     10.233
   -17.055     10.233      6.822
   -20.466      6.822     13.644
   -20.466     10.233     17.055
   -17.055      6.822     17.055
   -17.055     10.233     13.644
   -20.466      6.822     20.466
   -20.466     10.233     23.877
   -17.055      6.822     23.877
   -17.055     10.233     20.466
   -20.466      6.822     27.288
   -17.055      6.822     30.699
   -17.055     10.233     27.288
   -17.055     13.644    -30.699
   -20.466     13.644    -27.288
   -20.466     17.055    -23.877
   -17.055     13.644    -23.877
   -17.055     17.055    -27.288
   -20.466     13.644    -20.466
   -20.466     17.055    -17.055
   -17.055     13.644    -17.055
   -17.055     17.055    -20.466
   -20.466     13.644    -13.644
   -20.466     17.055    -10.233
   -17.055     13.644    -10.233
   -17.055     17.055    -13.644
   -20.466     13.644     -6.822
   -20.466     17.055     -3.411
   -17.055     13.644     -3.411
   -17.055     17.055     -6.822
   -20.466     13.644      0.000
   -20.466     17.055      3.411
   -17.055     13.644      3.411
   -17.055     17.055      0.000
   -20.466     13.644      6.822
   -20.466     17.055     10.233
   -17.055     13.644     10.233
   -17.055     17.055      6.822
   -20.466     13.644     13.644
   -20.466     17.055     17.055
   -17.055     13.644     17.055
   -17.055     17.055     13.644
   -20.466     13.644     20.466
   -20.466     17.055     23.877
   -17.055     13.644     23.877
   -17.055     17.055     20.466
   -20.466     13.644     27.288
   -17.055     13.644     30.699
   -17.055     17.055     27.288
   -20.466     23.877    -23.877
   -17.055     20.466    -23.877
   -20.466     20.466    -20.466
   -20.466     23.877    -17.055
   -17.055     20.466    -17.055
   -17.055     23.877    -20.466
   -20.466     20.466    -13.644
   -20.466     23.877    -10.233
   -17.055     20.466    -10.233
   -17.055     23.877    -13.644
   -20.466     20.466     -6.822
   -20.466     23.877     -3.411
   -17.055     20.466     -3.411
   -17.055     23.877     -6.822
   -20.466     20.466      0.000
   -20.466     23.877      3.411
   -17.055     20.466      3.411
   -17.055     23.877      0.000
   -20.466     20.466      6.822
   -20.466     23.877     10.233
   -17.055     20.466     10.233
   -17.055     23.877      6.822
   -20.466     20.466     13.644
   -20.466     23.877     17.055
   -17.055     20.466     17.055
   -17.055     23.877     13.644
   -20.466     20.466     20.466
   -20.466     23.877     23.877
   -17.055     20.466     23.877
   -17.055     23.877     20.466
   -17.055     27.288    -17.055
   -20.466     27.288    -13.644
   -17.055     27.288    -10.233
   -17.055     30.699    -13.644
   -20.466     27.288     -6.822
   -17.055     27.288     -3.411
   -17.055     30.699     -6.822
   -20.466     27.288      0.000
   -17.055     27.288      3.411
   -17.055     30.699      0.000
   -20.466     27.288      6.822
   -17.055     27.288     10.233
   -17.055     30.699      6.822
   -20.466     27.288     13.644
   -17.055     27.288     17.055
   -17.055     30.699     13.644
   -10.233    -37.521     -6.822
   -10.233    -37.521      0.000
   -10.233    -37.521      6.822
   -13.644    -30.699    -17.055
   -13.644    -30.699    -10.233
   -10.233    -34.110    -10.233
   -10.233    -30.699    -13.644
   -13.644    -34.110     -6.822
   -13.644    -30.699     -3.411
   -10.233    -34.110     -3.411
   -10.233    -30.699     -6.822
   -13.644    -34.110      0.000
   -13.644    -30.699      3.411
   -10.233    -34.110      3.411
   -10.233    -30.699      0.000
   -13.644    -34.110      6.822
   -13.644    -30.699     10.233
   -10.233    -34.110     10.233
   -10.233    -30.699      6.822
   -13.644    -30.699     17.055
   -10.233    -30.699     13.644
   -13.644    -23.877    -23.877
   -13.644    -27.288    -20.466
   -13.644    -23.877    -17.055
   -10.233    -27.288    -17.055
   -10.233    -23.877    -20.466
   -13.644    -27.288    -13.644
   -13.644    -23.877    -10.233
   -10.233    -27.288    -10.233
   -10.233    -23.877    -13.644
   -13.644    -27.288     -6.822
   -13.644    -23.877     -3.411
   -10.233    -27.288     -3.411
   -10.233    -23.877     -6.822
   -13.644    -27.288      0.000
   -13.644    -23.877      3.411
   -10.233    -27.288      3.411
   -10.233    -23.877      0.000
   -13.644    -27.288      6.822
   -13.644    -23.877     10.233
   -10.233    -27.288     10.233
   -10.233    -23.877      6.822
   -13.644    -27.288     13.644
   -13.644    -23.877     17.055
   -10.233    -27.288     17.055
   -10.233    -23.877     13.644
   -13.644    -27.288     20.466
   -13.644    -23.877     23.877
   -10.233    -23.877     20.466
   -13.644    -17.055    -30.699
   -13.644    -20.466    -27.288
   -13.644    -17.055    -23.877
   -10.233    -20.466    -23.877
   -10.233    -17.055    -27.288
   -13.644    -20.466    -20.466
   -13.644    -17.055    -17.055
   -10.233    -20.466    -17.055
   -10.233    -17.055    -20.466
   -13.644    -20.466    -13.644
   -13.644    -17.055    -10.233
   -10.233    -20.466    -10.233
   -10.233    -17.055    -13.644
   -13.644    -20.466     -6.822
   -13.644    -17.055     -3.411
   -10.233    -20.466     -3.411
   -10.233    -17.055     -6.822
   -13.644    -20.466      0.000
   -13.644    -17.055      3.411
   -10.233    -20.466      3.411
   -10.233    -17.055      0.000
   -13.644    -20.466      6.822
   -13.644    -17.055     10.233
   -10.233    -20.466     10.233
   -10.233    -17.055      6.822
   -13.644    -20.466     13.644
   -13.644    -17.055     17.055
   -10.233    -20.466     17.055
   -10.233    -17.055     13.644
   -13.644    -20.466     20.466
   -13.644    -17.055     23.877
   -10.233    -20.466     23.877
   -10.233    -17.055     20.466
   -13.644    -20.466     27.288
   -13.644    -17.055     30.699
   -10.233    -17.055     27.288
   -13.644    -10.233    -30.699
   -10.233    -13.644    -30.699
   -10.233    -10.233    -34.110
   -13.644    -13.644    -27.288
   -13.644    -10.233    -23.877
   -10.233    -13.644    -23.877
   -10.233    -10.233    -27.288
   -13.644    -13.644    -20.466
   -13.644    -10.233    -17.055
   -10.233    -13.644    -17.055
   -10.233    -10.233    -20.466
   -13.644    -13.644    -13.644
   -13.644    -10.233    -10.233
   -10.233    -13.644    -10.233
   -10.233    -10.233    -13.644
   -13.644    -13.644     -6.822
   -13.644    -10.233     -3.411
   -10.233    -13.644     -3.411
   -10.233    -10.233     -6.822
   -13.644    -13.644      0.000
   -13.644    -10.233      3.411
   -10.233    -13.644      3.411
   -10.233    -10.233      0.000
   -13.644    -13.644      6.822
   -13.644    -10.233     10.233
   -10.233    -13.644     10.233
   -10.233    -10.233      6.822
   -13.644    -13.644     13.644
   -13.644    -10.233     17.055
   -10.233    -13.644     17.055
   -10.233    -10.233     13.644
   -13.644    -13.644     20.466
   -13.644    -10.233     23.877
   -10.233    -13.644     23.877
   -10.233    -10.233     20.466
   -13.644    -13.644     27.288
   -13.644    -10.233     30.699
   -10.233    -13.644     30.699
   -10.233    -10.233     27.288
   -10.233    -10.233     34.110
   -10.233     -6.822    -37.521
   -13.644     -6.822    -34.110
   -13.644     -3.411    -30.699
   -10.233     -6.822    -30.699
   -10.233     -3.411    -34.110
   -13.644     -6.822    -27.288
   -13.644     -3.411    -23.877
   -10.233     -6.822    -23.877
   -10.233     -3.411    -27.288
   -13.644     -6.822    -20.466
   -13.644     -3.411    -17.055
   -10.233     -6.822    -17.055
   -10.233     -3.411    -20.466
   -13.644     -6.822    -13.644
   -13.644     -3.411    -10.233
   -10.233     -6.822    -10.233
   -10.233     -3.411    -13.644
   -13.644     -6.822     -6.822
   -13.644     -3.411     -3.411
   -10.233     -6.822     -3.411
   -10.233     -3.411     -6.822
   -13.644     -6.822      0.000
   -13.644     -3.411      3.411
   -10.233     -6.822      3.411
   -10.233     -3.411      0.000
   -13.644     -6.822      6.822
   -13.644     -3.411     10.233
   -10.233     -6.822     10.233
   -10.233     -3.411      6.822
   -13.644     -6.822     13.644
   -13.644     -3.411     17.055
   -10.233     -6.822     17.055
   -10.233     -3.411     13.644
   -13.644     -6.822     20.466
   -13.644     -3.411     23.877
   -10.233     -6.822     23.877
   -10.233     -3.411     20.466
   -13.644     -6.822     27.288
   -13.644     -3.411     30.699
   -10.233     -6.822     30.699
   -10.233     -3.411     27.288
   -13.644     -6.822     34.110
   -10.233     -6.822     37.521
   -10.233     -3.411     34.110
   -10.233      0.000    -37.521
   -13.644      0.000    -34.110
   -13.644      3.411    -30.699
   -10.233      0.000    -30.699
   -10.233      3.411    -34.110
   -13.644      0.000    -27.288
   -13.644      3.411    -23.877
   -10.233      0.000    -23.877
   -10.233      3.411    -27.288
   -13.644      0.000    -20.466
   -13.644      3.411    -17.055
   -10.233      0.000    -17.055
   -10.233      3.411    -20.466
   -13.644      0.000    -13.644
   -13.644      3.411    -10.233
   -10.233      0.000    -10.233
   -10.233      3.411    -13.644
   -13.644      0.000     -6.822
   -13.644      3.411     -3.411
   -10.233      0.000     -3.411
   -10.233      3.411     -6.822
   -13.644      0.000      0.000
   -13.644      3.411      3.411
   -10.233      0.000      3.411
   -10.233      3.411      0.000
   -13.644      0.000      6.822
   -13.644      3.411     10.233
   -10.233      0.000     10.233
   -10.233      3.411      6.822
   -13.644      0.000     13.644
   -13.644      3.411     17.055
   -10.233      0.000     17.055
   -10.233      3.411     13.644
   -13.644      0.000     20.466
   -13.644      3.411     23.877
   -10.233      0.000     23.877
   -10.233      3.411     20.466
   -13.644      0.000     27.288
   -13.644      3.411     30.699
   -10.233      0.000     30.699
   -10.233      3.411     27.288
   -13.644      0.000     34.110
   -10.233      0.000     37.521
   -10.233      3.411     34.110
   -10.233      6.822    -37.521
   -13.644      6.822    -34.110
   -13.644     10.233    -30.699
   -10.233      6.822    -30.699
   -10.233     10.233    -34.110
   -13.644      6.822    -27.288
   -13.644     10.233    -23.877
   -10.233      6.822    -23.877
   -10.233     10.233    -27.288
   -13.644      6.822    -20.466
   -13.644     10.233    -17.055
   -10.233      6.822    -17.055
   -10.233     10.233    -20.466
   -13.644      6.822    -13.644
   -13.644     10.233    -10.233
   -10.233      6.822    -10.233
   -10.233     10.233    -13.644
   -13.644      6.822     -6.822
   -13.644     10.233     -3.411
   -10.233      6.822     -3.411
   -10.233     10.233     -6.822
   -13.644      6.822      0.000
   -13.644     10.233      3.411
   -10.233      6.822      3.411
   -10.233     10.233      0.000
   -13.644      6.822      6.822
   -13.644     10.233     10.233
   -10.233      6.822     10.233
   -10.233     10.233      6.822
   -13.644      6.822     13.644
   -13.644     10.233     17.055
   -10.233      6.822     17.055
   -10.233     10.233     13.644
   -13.644      6.822     20.466
   -13.644     10.233     23.877
   -10.233      6.822     23.877
   -10.233     10.233     20.466
   -13.644      6.822     27.288
   -13.644     10.233     30.699
   -10.233      6.822     30.699
   -10.233     10.233     27.288
   -13.644      6.822     34.110
   -10.233      6.822     37.521
   -10.233     10.233     34.110
   -13.644     17.055    -30.699
   -10.233     13.644    -30.699
   -13.644     13.644    -27.288
   -13.644     17.055    -23.877
   -10.233     13.644    -23.877
   -10.233     17.055    -27.288
   -13.644     13.644    -20.466
   -13.644     17.055    -17.055
   -10.233     13.644    -17.055
   -10.233     17.055    -20.466
   -13.644     13.644    -13.644
   -13.644     17.055    -10.233
   -10.233     13.644    -10.233
   -10.233     17.055    -13.644
   -13.644     13.644     -6.822
   -13.644     17.055     -3.411
   -10.233     13.644     -3.411
   -10.233     17.055     -6.822
   -13.644     13.644      0.000
   -13.644     17.055      3.411
   -10.233     13.644      3.411
   -10.233     17.055      0.000
   -13.644     13.644      6.822
   -13.644     17.055     10.233
   -10.233     13.644     10.233
   -10.233     17.055      6.822
   -13.644     13.644     13.644
   -13.644     17.055     17.055
   -10.233     13.644     17.055
   -10.233     17.055     13.644
   -13.644     13.644     20.466
   -13.644     17.055     23.877
   -10.233     13.644     23.877
   -10.233     17.055     20.466
   -13.644     13.644     27.288
   -13.644     17.055     30.699
   -10.233     13.644     30.699
   -10.233     17.055     27.288
   -13.644     20.466    -27.288
   -13.644     23.877    -23.877
   -10.233     20.466    -23.877
   -13.644     20.466    -20.466
   -13.644     23.877    -17.055
   -10.233     20.466    -17.055
   -10.233     23.877    -20.466
   -13.644     20.466    -13.644
   -13.644     23.877    -10.233
   -10.233     20.466    -10.233
   -10.233     23.877    -13.644
   -13.644     20.466     -6.822
   -13.644     23.877     -3.411
   -10.233     20.466     -3.411
   -10.233     23.877     -6.822
   -13.644     20.466      0.000
   -13.644     23.877      3.411
   -10.233     20.466      3.411
   -10.233     23.877      0.000
   -13.644     20.466      6.822
   -13.644     23.877     10.233
   -10.233     20.466     10.233
   -10.233     23.877      6.822
   -13.644     20.466     13.644
   -13.644     23.877     17.055
   -10.233     20.466     17.055
   -10.233     23.877     13.644
   -13.644     20.466     20.466
   -13.644     23.877     23.877
   -10.233     20.466     23.877
   -10.233     23.877     20.466
   -13.644     20.466     27.288
   -13.644     27.288    -20.466
   -13.644     30.699    -17.055
   -10.233     27.288    -17.055
   -13.644     27.288    -13.644
   -13.644     30.699    -10.233
   -10.233     27.288    -10.233
   -10.233     30.699    -13.644
   -13.644     27.288     -6.822
   -13.644     30.699     -3.411
   -10.233     27.288     -3.411
   -10.233     30.699     -6.822
   -13.644     27.288      0.000
   -13.644     30.699      3.411
   -10.233     27.288      3.411
   -10.233     30.699      0.000
   -13.644     27.288      6.822
   -13.644     30.699     10.233
   -10.233     27.288     10.233
   -10.233     30.699      6.822
   -13.644     27.288     13.644
   -13.644     30.699     17.055
   -10.233     27.288     17.055
   -10.233     30.699     13.644
   -13.644     27.288     20.466
   -10.233     34.110    -10.233
   -13.644     34.110     -6.822
   -10.233     34.110     -3.411
   -10.233     37.521     -6.822
   -13.644     34.110      0.000
   -10.233     34.110      3.411
   -10.233     37.521      0.000
   -13.644     34.110      6.822
   -10.233     34.110     10.233
   -10.233     37.521      6.822
    -3.411    -44.342      0.000
    -6.822    -37.521    -10.233
    -6.822    -37.521     -3.411
    -3.411    -40.931     -3.411
    -3.411    -37.521     -6.822
    -6.822    -40.931      0.000
    -6.822    -37.521      3.411
    -3.411    -40.931      3.411
    -3.411    -37.521      0.000
    -6.822    -37.521     10.233
    -3.411    -37.521      6.822
    -6.822    -30.699    -17.055
    -6.822    -34.110    -13.644
    -6.822    -30.699    -10.233
    -3.411    -34.110    -10.233
    -3.411    -30.699    -13.644
    -6.822    -34.110     -6.822
    -6.822    -30.699     -3.411
    -3.411    -34.110     -3.411
    -3.411    -30.699     -6.822
    -6.822    -34.110      0.000
    -6.822    -30.699      3.411
    -3.411    -34.110      3.411
    -3.411    -30.699      0.000
    -6.822    -34.110      6.822
    -6.822    -30.699     10.233
    -3.411    -34.110     10.233
    -3.411    -30.699      6.822
    -6.822    -34.110     13.644
    -6.822    -30.699     17.055
    -3.411    -30.699     13.644
    -6.822    -23.877    -23.877
    -6.822    -27.288    -20.466
    -6.822    -23.877    -17.055
    -3.411    -27.288    -17.055
    -3.411    -23.877    -20.466
    -6.822    -27.288    -13.644
    -6.822    -23.877    -10.233
    -3.411    -27.288    -10.233
    -3.411    -23.877    -13.644
    -6.822    -27.288     -6.822
    -6.822    -23.877     -3.411
    -3.411    -27.288     -3.411
    -3.411    -23.877     -6.822
    -6.822    -27.288      0.000
    -6.822    -23.877      3.411
    -3.411    -27.288      3.411
    -3.411    -23.877      0.000
    -6.822    -27.288      6.822
    -6.822    -23.877     10.233
    -3.411    -27.288     10.233
    -3.411    -23.877      6.822
    -6.822    -27.288     13.644
    -6.822    -23.877     17.055
    -3.411    -27.288     17.055
    -3.411    -23.877     13.644
    -6.822    -27.288     20.466
    -6.822    -23.877     23.877
    -3.411    -23.877     20.466
    -6.822    -17.055    -30.699
    -6.822    -20.466    -27.288
    -6.822    -17.055    -23.877
    -3.411    -20.466    -23.877
    -3.411    -17.055    -27.288
    -6.822    -20.466    -20.466
    -6.822    -17.055    -17.055
    -3.411    -20.466    -17.055
    -3.411    -17.055    -20.466
    -6.822    -20.466    -13.644
    -6.822    -17.055    -10.233
    -3.411    -20.466    -10.233
    -3.411    -17.055    -13.644
    -6.822    -20.466     -6.822
    -6.822    -17.055     -3.411
    -3.411    -20.466     -3.411
    -3.411    -17.055     -6.822
    -6.822    -20.466      0.000
    -6.822    -17.055      3.411
    -3.411    -20.466      3.411
    -3.411    -17.055      0.000
    -6.822    -20.466      6.822
    -6.822    -17.055     10.233
    -3.411    -20.466     10.233
    -3.411    -17.055      6.822
    -6.822    -20.466     13.644
    -6.822    -17.055     17.055
    -3.411    -20.466     17.055
    -3.411    -17.055     13.644
    -6.822    -20.466     20.466
    -6.822    -17.055     23.877
    -3.411    -20.466     23.877
    -3.411    -17.055     20.466
    -6.822    -20.466     27.288
    -6.822    -17.055     30.699
    -3.411    -17.055     27.288
    -6.822    -10.233    -37.521
    -6.822    -13.644    -34.110
    -6.822    -10.233    -30.699
    -3.411    -13.644    -30.699
    -3.411    -10.233    -34.110
    -6.822    -13.644    -27.288
    -6.822    -10.233    -23.877
    -3.411    -13.644    -23.877
    -3.411    -10.233    -27.288
    -6.822    -13.644    -20.466
    -6.822    -10.233    -17.055
    -3.411    -13.644    -17.055
    -3.411    -10.233    -20.466
    -6.822    -13.644    -13.644
    -6.822    -10.233    -10.233
    -3.411    -13.644    -10.233
    -3.411    -10.233    -13.644
    -6.822    -13.644     -6.822
    -6.822    -10.233     -3.411
    -3.411    -13.644     -3.411
    -3.411    -10.233     -6.822
    -6.822    -13.644      0.000
    -6.822    -10.233      3.411
    -3.411    -13.644      3.411
    -3.411    -10.233      0.000
    -6.822    -13.644      6.822
    -6.822    -10.233     10.233
    -3.411    -13.644     10.233
    -3.411    -10.233      6.822
    -6.822    -13.644     13.644
    -6.822    -10.233     17.055
    -3.411    -13.644     17.055
    -3.411    -10.233     13.644
    -6.822    -13.644     20.466
    -6.822    -10.233     23.877
    -3.411    -13.644     23.877
    -3.411    -10.233     20.466
    -6.822    -13.644     27.288
    -6.822    -10.233     30.699
    -3.411    -13.644     30.699
    -3.411    -10.233     27.288
    -6.822    -13.644     34.110
    -6.822    -10.233     37.521
    -3.411    -10.233     34.110
    -6.822     -3.411    -37.521
    -3.411     -6.822    -37.521
    -3.411     -3.411    -40.931
    -6.822     -6.822    -34.110
    -6.822     -3.411    -30.699
    -3.411     -6.822    -30.699
    -3.411     -3.411    -34.110
    -6.822     -6.822    -27.288
    -6.822     -3.411    -23.877
    -3.411     -6.822    -23.877
    -3.411     -3.411    -27.288
    -6.822     -6.822    -20.466
    -6.822     -3.411    -17.055
    -3.411     -6.822    -17.055
    -3.411     -3.411    -20.466
    -6.822     -6.822    -13.644
    -6.822     -3.411    -10.233
    -3.411     -6.822    -10.233
    -3.411     -3.411    -13.644
    -6.822     -6.822     -6.822
    -6.822     -3.411     -3.411
    -3.411     -6.822     -3.411
    -3.411     -3.411     -6.822
    -6.822     -6.822      0.000
    -6.822     -3.411      3.411
    -3.411     -6.822      3.411
    -3.411     -3.411      0.000
    -6.822     -6.822      6.822
    -6.822     -3.411     10.233
    -3.411     -6.822     10.233
    -3.411     -3.411      6.822
    -6.822     -6.822     13.644
    -6.822     -3.411     17.055
    -3.411     -6.822     17.055
    -3.411     -3.411     13.644
    -6.822     -6.822     20.466
    -6.822     -3.411     23.877
    -3.411     -6.822     23.877
    -3.411     -3.411     20.466
    -6.822     -6.822     27.288
    -6.822     -3.411     30.699
    -3.411     -6.822     30.699
    -3.411     -3.411     27.288
    -6.822     -6.822     34.110
    -6.822     -3.411     37.521
    -3.411     -6.822     37.521
    -3.411     -3.411     34.110
    -3.411     -3.411     40.931
    -3.411      0.000    -44.342
    -6.822      0.000    -40.931
    -6.822      3.411    -37.521
    -3.411      0.000    -37.521
    -3.411      3.411    -40.931
    -6.822      0.000    -34.110
    -6.822      3.411    -30.699
    -3.411      0.000    -30.699
    -3.411      3.411    -34.110
    -6.822      0.000    -27.288
    -6.822      3.411    -23.877
    -3.411      0.000    -23.877
    -3.411      3.411    -27.288
    -6.822      0.000    -20.466
    -6.822      3.411    -17.055
    -3.411      0.000    -17.055
    -3.411      3.411    -20.466
    -6.822      0.000    -13.644
    -6.822      3.411    -10.233
    -3.411      0.000    -10.233
    -3.411      3.411    -13.644
    -6.822      0.000     -6.822
    -6.822      3.411     -3.411
    -3.411      0.000     -3.411
    -3.411      3.411     -6.822
    -6.822      0.000      0.000
    -6.822      3.411      3.411
    -3.411      0.000      3.411
    -3.411      3.411      0.000
    -6.822      0.000      6.822
    -6.822      3.411     10.233
    -3.411      0.000     10.233
    -3.411      3.411      6.822
    -6.822      0.000     13.644
    -6.822      3.411     17.055
    -3.411      0.000     17.055
    -3.411      3.411     13.644
    -6.822      0.000     20.466
    -6.822      3.411     23.877
    -3.411      0.000     23.877
    -3.411      3.411     20.466
    -6.822      0.000     27.288
    -6.822      3.411     30.699
    -3.411      0.000     30.699
    -3.411      3.411     27.288
    -6.822      0.000     34.110
    -6.822      3.411     37.521
    -3.411      0.000     37.521
    -3.411      3.411     34.110
    -6.822      0.000     40.931
    -3.411      0.000     44.342
    -3.411      3.411     40.931
    -6.822     10.233    -37.521
    -3.411      6.822    -37.521
    -6.822      6.822    -34.110
    -6.822     10.233    -30.699
    -3.411      6.822    -30.699
    -3.411     10.233    -34.110
    -6.822      6.822    -27.288
    -6.822     10.233    -23.877
    -3.411      6.822    -23.877
    -3.411     10.233    -27.288
    -6.822      6.822    -20.466
    -6.822     10.233    -17.055
    -3.411      6.822    -17.055
    -3.411     10.233    -20.466
    -6.822      6.822    -13.644
    -6.822     10.233    -10.233
    -3.411      6.822    -10.233
    -3.411     10.233    -13.644
    -6.822      6.822     -6.822
    -6.822     10.233     -3.411
    -3.411      6.822     -3.411
    -3.411     10.233     -6.822
    -6.822      6.822      0.000
    -6.822     10.233      3.411
    -3.411      6.822      3.411
    -3.411     10.233      0.000
    -6.822      6.822      6.822
    -6.822     10.233     10.233
    -3.411      6.822     10.233
    -3.411     10.233      6.822
    -6.822      6.822     13.644
    -6.822     10.233     17.055
    -3.411      6.822     17.055
    -3.411     10.233     13.644
    -6.822      6.822     20.466
    -6.822     10.233     23.877
    -3.411      6.822     23.877
    -3.411     10.233     20.466
    -6.822      6.822     27.288
    -6.822     10.233     30.699
    -3.411      6.822     30.699
    -3.411     10.233     27.288
    -6.822      6.822     34.110
    -6.822     10.233     37.521
    -3.411      6.822     37.521
    -3.411     10.233     34.110
    -6.822     13.644    -34.110
    -6.822     17.055    -30.699
    -3.411     13.644    -30.699
    -6.822     13.644    -27.288
    -6.822     17.055    -23.877
    -3.411     13.644    -23.877
    -3.411     17.055    -27.288
    -6.822     13.644    -20.466
    -6.822     17.055    -17.055
    -3.411     13.644    -17.055
    -3.411     17.055    -20.466
    -6.822     13.644    -13.644
    -6.822     17.055    -10.233
    -3.411     13.644    -10.233
    -3.411     17.055    -13.644
    -6.822     13.644     -6.822
    -6.822     17.055     -3.411
    -3.411     13.644     -3.411
    -3.411     17.055     -6.822
    -6.822     13.644      0.000
    -6.822     17.055      3.411
    -3.411     13.644      3.411
    -3.411     17.055      0.000
    -6.822     13.644      6.822
    -6.822     17.055     10.233
    -3.411     13.644     10.233
    -3.411     17.055      6.822
    -6.822     13.644     13.644
    -6.822     17.055     17.055
    -3.411     13.644     17.055
    -3.411     17.055     13.644
    -6.822     13.644     20.466
    -6.822     17.055     23.877
    -3.411     13.644     23.877
    -3.411     17.055     20.466
    -6.822     13.644     27.288
    -6.822     17.055     30.699
    -3.411     13.644     30.699
    -3.411     17.055     27.288
    -6.822     13.644     34.110
    -6.822     20.466    -27.288
    -6.822     23.877    -23.877
    -3.411     20.466    -23.877
    -6.822     20.466    -20.466
    -6.822     23.877    -17.055
    -3.411     20.466    -17.055
    -3.411     23.877    -20.466
    -6.822     20.466    -13.644
    -6.822     23.877    -10.233
    -3.411     20.466    -10.233
    -3.411     23.877    -13.644
    -6.822     20.466     -6.822
    -6.822     23.877     -3.411
    -3.411     20.466     -3.411
    -3.411     23.877     -6.822
    -6.822     20.466      0.000
    -6.822     23.877      3.411
    -3.411     20.466      3.411
    -3.411     23.877      0.000
    -6.822     20.466      6.822
    -6.822     23.877     10.233
    -3.411     20.466     10.233
    -3.411     23.877      6.822
    -6.822     20.466     13.644
    -6.822     23.877     17.055
    -3.411     20.466     17.055
    -3.411     23.877     13.644
    -6.822     20.466     20.466
    -6.822     23.877     23.877
    -3.411     20.466     23.877
    -3.411     23.877     20.466
    -6.822     20.466     27.288
    -6.822     27.288    -20.466
    -6.822     30.699    -17.055
    -3.411     27.288    -17.055
    -6.822     27.288    -13.644
    -6.822     30.699    -10.233
    -3.411     27.288    -10.233
    -3.411     30.699    -13.644
    -6.822     27.288     -6.822
    -6.822     30.699     -3.411
    -3.411     27.288     -3.411
    -3.411     30.699     -6.822
    -6.822     27.288      0.000
    -6.822     30.699      3.411
    -3.411     27.288      3.411
    -3.411     30.699      0.000
    -6.822     27.288      6.822
    -6.822     30.699     10.233
    -3.411     27.288     10.233
    -3.411     30.699      6.822
    -6.822     27.288     13.644
    -6.822     30.699     17.055
    -3.411     27.288     17.055
    -3.411     30.699     13.644
    -6.822     27.288     20.466
    -6.822     34.110    -13.644
    -6.822     37.521    -10.233
    -3.411     34.110    -10.233
    -6.822     34.110     -6.822
    -6.822     37.521     -3.411
    -3.411     34.110     -3.411
    -3.411     37.521     -6.822
    -6.822     34.110      0.000
    -6.822     37.521      3.411
    -3.411     34.110      3.411
    -3.411     37.521      0.000
    -6.822     34.110      6.822
    -6.822     37.521     10.233
    -3.411     34.110     10.233
    -3.411     37.521      6.822
    -6.822     34.110     13.644
    -3.411     40.931     -3.411
    -6.822     40.931      0.000
    -3.411     40.931      3.411
    -3.411     44.342      0.000
     0.000    -44.342     -3.411
     0.000    -44.342      3.411
     3.411    -44.342      0.000
     0.000    -37.521    -10.233
     0.000    -40.931     -6.822
     0.000    -37.521     -3.411
     3.411    -40.931     -3.411
     3.411    -37.521     -6.822
     0.000    -40.931      0.000
     0.000    -37.521      3.411
     3.411    -40.931      3.411
     3.411    -37.521      0.000
     0.000    -40.931      6.822
     0.000    -37.521     10.233
     3.411    -37.521      6.822
     0.000    -30.699    -17.055
     0.000    -34.110    -13.644
     0.000    -30.699    -10.233
     3.411    -34.110    -10.233
     3.411    -30.699    -13.644
     0.000    -34.110     -6.822
     0.000    -30.699     -3.411
     3.411    -34.110     -3.411
     3.411    -30.699     -6.822
     0.000    -34.110      0.000
     0.000    -30.699      3.411
     3.411    -34.110      3.411
     3.411    -30.699      0.000
     0.000    -34.110      6.822
     0.000    -30.699     10.233
     3.411    -34.110     10.233
     3.411    -30.699      6.822
     0.000    -34.110     13.644
     0.000    -30.699     17.055
     3.411    -30.699     13.644
     0.000    -23.877    -23.877
     0.000    -27.288    -20.466
     0.000    -23.877    -17.055
     3.411    -27.288    -17.055
     3.411    -23.877    -20.466
     0.000    -27.288    -13.644
     0.000    -23.877    -10.233
     3.411    -27.288    -10.233
     3.411    -23.877    -13.644
     0.000    -27.288     -6.822
     0.000    -23.877     -3.411
     3.411    -27.288     -3.411
     3.411    -23.877     -6.822
     0.000    -27.288      0.000
     0.000    -23.877      3.411
     3.411    -27.288      3.411
     3.411    -23.877      0.000
     0.000    -27.288      6.822
     0.000    -23.877     10.233
     3.411    -27.288     10.233
     3.411    -23.877      6.822
     0.000    -27.288     13.644
     0.000    -23.877     17.055
     3.411    -27.288     17.055
     3.411    -23.877     13.644
     0.000    -27.288     20.466
     0.000    -23.877     23.877
     3.411    -23.877     20.466
     0.000    -17.055    -30.699
     0.000    -20.466    -27.288
     0.000    -17.055    -23.877
     3.411    -20.466    -23.877
     3.411    -17.055    -27.288
     0.000    -20.466    -20.466
     0.000    -17.055    -17.055
     3.411    -20.466    -17.055
     3.411    -17.055    -20.466
     0.000    -20.466    -13.644
     0.000    -17.055    -10.233
     3.411    -20.466    -10.233
     3.411    -17.055    -13.644
     0.000    -20.466     -6.822
     0.000    -17.055     -3.411
     3.411    -20.466     -3.411
     3.411    -17.055     -6.822
     0.000    -20.466      0.000
     0.000    -17.055      3.411
     3.411    -20.466      3.411
     3.411    -17.055      0.000
     0.000    -20.466      6.822
     0.000    -17.055     10.233
     3.411    -20.466     10.233
     3.411    -17.055      6.822
     0.000    -20.466     13.644
     0.000    -17.055     17.055
     3.411    -20.466     17.055
     3.411    -17.055     13.644
     0.000    -20.466     20.466
     0.000    -17.055     23.877
     3.411    -20.466     23.877
     3.411    -17.055     20.466
     0.000    -20.466     27.288
     0.000    -17.055     30.699
     3.411    -17.055     27.288
     0.000    -10.233    -37.521
     0.000    -13.644    -34.110
     0.000    -10.233    -30.699
     3.411    -13.644    -30.699
     3.411    -10.233    -34.110
     0.000    -13.644    -27.288
     0.000    -10.233    -23.877
     3.411    -13.644    -23.877
     3.411    -10.233    -27.288
     0.000    -13.644    -20.466
     0.000    -10.233    -17.055
     3.411    -13.644    -17.055
     3.411    -10.233    -20.466
     0.000    -13.644    -13.644
     0.000    -10.233    -10.233
     3.411    -13.644    -10.233
     3.411    -10.233    -13.644
     0.000    -13.644     -6.822
     0.000    -10.233     -3.411
     3.411    -13.644     -3.411
     3.411    -10.233     -6.822
     0.000    -13.644      0.000
     0.000    -10.233      3.411
     3.411    -13.644      3.411
     3.411    -10.233      0.000
     0.000    -13.644      6.822
     0.000    -10.233     10.233
     3.411    -13.644     10.233
     3.411    -10.233      6.822
     0.000    -13.644     13.644
     0.000    -10.233     17.055
     3.411    -13.644     17.055
     3.411    -10.233     13.644
     0.000    -13.644     20.466
     0.000    -10.233     23.877
     3.411    -13.644     23.877
     3.411    -10.233     20.466
     0.000    -13.644     27.288
     0.000    -10.233     30.699
     3.411    -13.644     30.699
     3.411    -10.233     27.288
     0.000    -13.644     34.110
     0.000    -10.233     37.521
     3.411    -10.233     34.110
     0.000     -3.411    -44.342
     0.000     -6.822    -40.931
     0.000     -3.411    -37.521
     3.411     -6.822    -37.521
     3.411     -3.411    -40.931
     0.000     -6.822    -34.110
     0.000     -3.411    -30.699
     3.411     -6.822    -30.699
     3.411     -3.411    -34.110
     0.000     -6.822    -27.288
     0.000     -3.411    -23.877
     3.411     -6.822    -23.877
     3.411     -3.411    -27.288
     0.000     -6.822    -20.466
     0.000     -3.411    -17.055
     3.411     -6.822    -17.055
     3.411     -3.411    -20.466
     0.000     -6.822    -13.644
     0.000     -3.411    -10.233
     3.411     -6.822    -10.233
     3.411     -3.411    -13.644
     0.000     -6.822     -6.822
     0.000     -3.411     -3.411
     3.411     -6.822     -3.411
     3.411     -3.411     -6.822
     0.000     -6.822      0.000
     0.000     -3.411      3.411
     3.411     -6.822      3.411
     3.411     -3.411      0.000
     0.000     -6.822      6.822
     0.000     -3.411     10.233
     3.411     -6.822     10.233
     3.411     -3.411      6.822
     0.000     -6.822     13.644
     0.000     -3.411     17.055
     3.411     -6.822     17.055
     3.411     -3.411     13.644
     0.000     -6.822     20.466
     0.000     -3.411     23.877
     3.411     -6.822     23.877
     3.411     -3.411     20.466
     0.000     -6.822     27.288
     0.000     -3.411     30.699
     3.411     -6.822     30.699
     3.411     -3.411     27.288
     0.000     -6.822     34.110
     0.000     -3.411     37.521
     3.411     -6.822     37.521
     3.411     -3.411     34.110
     0.000     -6.822     40.931
     0.000     -3.411     44.342
     3.411     -3.411     40.931
     0.000      3.411    -44.342
     3.411      0.000    -44.342
     0.000      0.000    -40.931
     0.000      3.411    -37.521
     3.411      0.000    -37.521
     3.411      3.411    -40.931
     0.000      0.000    -34.110
     0.000      3.411    -30.699
     3.411      0.000    -30.699
     3.411      3.411    -34.110
     0.000      0.000    -27.288
     0.000      3.411    -23.877
     3.411      0.000    -23.877
     3.411      3.411    -27.288
     0.000      0.000    -20.466
     0.000      3.411    -17.055
     3.411      0.000    -17.055
     3.411      3.411    -20.466
     0.000      0.000    -13.644
     0.000      3.411    -10.233
     3.411      0.000    -10.233
     3.411      3.411    -13.644
     0.000      0.000     -6.822
     0.000      3.411     -3.411
     3.411      0.000     -3.411
     3.411      3.411     -6.822
     0.000      0.000      0.000
     0.000      3.411      3.411
     3.411      0.000      3.411
     3.411      3.411      0.000
     0.000      0.000      6.822
     0.000      3.411     10.233
     3.411      0.000     10.233
     3.411      3.411      6.822
     0.000      0.000     13.644
     0.000      3.411     17.055
     3.411      0.000     17.055
     3.411      3.411     13.644
     0.000      0.000     20.466
     0.000      3.411     23.877
     3.411      0.000     23.877
     3.411      3.411     20.466
     0.000      0.000     27.288
     0.000      3.411     30.699
     3.411      0.000     30.699
     3.411      3.411     27.288
     0.000      0.000     34.110
     0.000      3.411     37.521
     3.411      0.000     37.521
     3.411      3.411     34.110
     0.000      0.000     40.931
     0.000      3.411     44.342
     3.411      0.000     44.342
     3.411      3.411     40.931
     0.000      6.822    -40.931
     0.000     10.233    -37.521
     3.411      6.822    -37.521
     0.000      6.822    -34.110
     0.000     10.233    -30.699
     3.411      6.822    -30.699
     3.411     10.233    -34.110
     0.000      6.822    -27.288
     0.000     10.233    -23.877
     3.411      6.822    -23.877
     3.411     10.233    -27.288
     0.000      6.822    -20.466
     0.000     10.233    -17.055
     3.411      6.822    -17.055
     3.411     10.233    -20.466
     0.000      6.822    -13.644
     0.000     10.233    -10.233
     3.411      6.822    -10.233
     3.411     10.233    -13.644
     0.000      6.822     -6.822
     0.000     10.233     -3.411
     3.411      6.822     -3.411
     3.411     10.233     -6.822
     0.000      6.822      0.000
     0.000     10.233      3.411
     3.411      6.822      3.411
     3.411     10.233      0.000
     0.000      6.822      6.822
     0.000     10.233     10.233
     3.411      6.822     10.233
     3.411     10.233      6.822
     0.000      6.822     13.644
     0.000     10.233     17.055
     3.411      6.822     17.055
     3.411     10.233     13.644
     0.000      6.822     20.466
     0.000     10.233     23.877
     3.411      6.822     23.877
     3.411     10.233     20.466
     0.000      6.822     27.288
     0.000     10.233     30.699
     3.411      6.822     30.699
     3.411     10.233     27.288
     0.000      6.822     34.110
     0.000     10.233     37.521
     3.411      6.822     37.521
     3.411     10.233     34.110
     0.000      6.822     40.931
     0.000     13.644    -34.110
     0.000     17.055    -30.699
     3.411     13.644    -30.699
     0.000     13.644    -27.288
     0.000     17.055    -23.877
     3.411     13.644    -23.877
     3.411     17.055    -27.288
     0.000     13.644    -20.466
     0.000     17.055    -17.055
     3.411     13.644    -17.055
     3.411     17.055    -20.466
     0.000     13.644    -13.644
     0.000     17.055    -10.233
     3.411     13.644    -10.233
     3.411     17.055    -13.644
     0.000     13.644     -6.822
     0.000     17.055     -3.411
     3.411     13.644     -3.411
     3.411     17.055     -6.822
     0.000     13.644      0.000
     0.000     17.055      3.411
     3.411     13.644      3.411
     3.411     17.055      0.000
     0.000     13.644      6.822
     0.000     17.055     10.233
     3.411     13.644     10.233
     3.411     17.055      6.822
     0.000     13.644     13.644
     0.000     17.055     17.055
     3.411     13.644     17.055
     3.411     17.055     13.644
     0.000     13.644     20.466
     0.000     17.055     23.877
     3.411     13.644     23.877
     3.411     17.055     20.466
     0.000     13.644     27.288
     0.000     17.055     30.699
     3.411     13.644     30.699
     3.411     17.055     27.288
     0.000     13.644     34.110
     0.000     20.466    -27.288
     0.000     23.877    -23.877
     3.411     20.466    -23.877
     0.000     20.466    -20.466
     0.000     23.877    -17.055
     3.411     20.466    -17.055
     3.411     23.877    -20.466
     0.000     20.466    -13.644
     0.000     23.877    -10.233
     3.411     20.466    -10.233
     3.411     23.877    -13.644
     0.000     20.466     -6.822
     0.000     23.877     -3.411
     3.411     20.466     -3.411
     3.411     23.877     -6.822
     0.000     20.466      0.000
     0.000     23.877      3.411
     3.411     20.466      3.411
     3.411     23.877      0.000
     0.000     20.466      6.822
     0.000     23.877     10.233
     3.411     20.466     10.233
     3.411     23.877      6.822
     0.000     20.466     13.644
     0.000     23.877     17.055
     3.411     20.466     17.055
     3.411     23.877     13.644
     0.000     20.466     20.466
     0.000     23.877     23.877
     3.411     20.466     23.877
     3.411     23.877     20.466
     0.000     20.466     27.288
     0.000     27.288    -20.466
     0.000     30.699    -17.055
     3.411     27.288    -17.055
     0.000     27.288    -13.644
     0.000     30.699    -10.233
     3.411     27.288    -10.233
     3.411     30.699    -13.644
     0.000     27.288     -6.822
     0.000     30.699     -3.411
     3.411     27.288     -3.411
     3.411     30.699     -6.822
     0.000     27.288      0.000
     0.000     30.699      3.411
     3.411     27.288      3.411
     3.411     30.699      0.000
     0.000     27.288      6.822
     0.000     30.699     10.233
     3.411     27.288     10.233
     3.411     30.699      6.822
     0.000     27.288     13.644
     0.000     30.699     17.055
     3.411     27.288     17.055
     3.411     30.699     13.644
     0.000     27.288     20.466
     0.000     34.110    -13.644
     0.000     37.521    -10.233
     3.411     34.110    -10.233
     0.000     34.110     -6.822
     0.000     37.521     -3.411
     3.411     34.110     -3.411
     3.411     37.521     -6.822
     0.000     34.110      0.000
     0.000     37.521      3.411
     3.411     34.110      3.411
     3.411     37.521      0.000
     0.000     34.110      6.822
     0.000     37.521     10.233
     3.411     34.110     10.233
     3.411     37.521      6.822
     0.000     34.110     13.644
     0.000     40.931     -6.822
     0.000     44.342     -3.411
     3.411     40.931     -3.411
     0.000     40.931      0.000
     0.000     44.342      3.411
     3.411     40.931      3.411
     3.411     44.342      0.000
     0.000     40.931      6.822
     6.822    -37.521    -10.233
     6.822    -37.521     -3.411
    10.233    -37.521     -6.822
     6.822    -40.931      0.000
     6.822    -37.521      3.411
    10.233    -37.521      0.000
     6.822    -37.521     10.233
    10.233    -37.521      6.822
     6.822    -30.699    -17.055
     6.822    -34.110    -13.644
     6.822    -30.699    -10.233
    10.233    -34.110    -10.233
    10.233    -30.699    -13.644
     6.822    -34.110     -6.822
     6.822    -30.699     -3.411
    10.233    -34.110     -3.411
    10.233    -30.699     -6.822
     6.822    -34.110      0.000
     6.822    -30.699      3.411
    10.233    -34.110      3.411
    10.233    -30.699      0.000
     6.822    -34.110      6.822
     6.822    -30.699     10.233
    10.233    -34.110     10.233
    10.233    -30.699      6.822
     6.822    -34.110     13.644
     6.822    -30.699     17.055
    10.233    -30.699     13.644
     6.822    -23.877    -23.877
     6.822    -27.288    -20.466
     6.822    -23.877    -17.055
    10.233    -27.288    -17.055
    10.233    -23.877    -20.466
     6.822    -27.288    -13.644
     6.822    -23.877    -10.233
    10.233    -27.288    -10.233
    10.233    -23.877    -13.644
     6.822    -27.288     -6.822
     6.822    -23.877     -3.411
    10.233    -27.288     -3.411
    10.233    -23.877     -6.822
     6.822    -27.288      0.000
     6.822    -23.877      3.411
    10.233    -27.288      3.411
    10.233    -23.877      0.000
     6.822    -27.288      6.822
     6.822    -23.877     10.233
    10.233    -27.288     10.233
    10.233    -23.877      6.822
     6.822    -27.288     13.644
     6.822    -23.877     17.055
    10.233    -27.288     17.055
    10.233    -23.877     13.644
     6.822    -27.288     20.466
     6.822    -23.877     23.877
    10.233    -23.877     20.466
     6.822    -17.055    -30.699
     6.822    -20.466    -27.288
     6.822    -17.055    -23.877
    10.233    -20.466    -23.877
    10.233    -17.055    -27.288
     6.822    -20.466    -20.466
     6.822    -17.055    -17.055
    10.233    -20.466    -17.055
    10.233    -17.055    -20.466
     6.822    -20.466    -13.644
     6.822    -17.055    -10.233
    10.233    -20.466    -10.233
    10.233    -17.055    -13.644
     6.822    -20.466     -6.822
     6.822    -17.055     -3.411
    10.233    -20.466     -3.411
    10.233    -17.055     -6.822
     6.822    -20.466      0.000
     6.822    -17.055      3.411
    10.233    -20.466      3.411
    10.233    -17.055      0.000
     6.822    -20.466      6.822
     6.822    -17.055     10.233
    10.233    -20.466     10.233
    10.233    -17.055      6.822
     6.822    -20.466     13.644
     6.822    -17.055     17.055
    10.233    -20.466     17.055
    10.233    -17.055     13.644
     6.822    -20.466     20.466
     6.822    -17.055     23.877
    10.233    -20.466     23.877
    10.233    -17.055     20.466
     6.822    -20.466     27.288
     6.822    -17.055     30.699
    10.233    -17.055     27.288
     6.822    -10.233    -37.521
     6.822    -13.644    -34.110
     6.822    -10.233    -30.699
    10.233    -13.644    -30.699
    10.233    -10.233    -34.110
     6.822    -13.644    -27.288
     6.822    -10.233    -23.877
    10.233    -13.644    -23.877
    10.233    -10.233    -27.288
     6.822    -13.644    -20.466
     6.822    -10.233    -17.055
    10.233    -13.644    -17.055
    10.233    -10.233    -20.466
     6.822    -13.644    -13.644
     6.822    -10.233    -10.233
    10.233    -13.644    -10.233
    10.233    -10.233    -13.644
     6.822    -13.644     -6.822
     6.822    -10.233     -3.411
    10.233    -13.644     -3.411
    10.233    -10.233     -6.822
     6.822    -13.644      0.000
     6.822    -10.233      3.411
    10.233    -13.644      3.411
    10.233    -10.233      0.000
     6.822    -13.644      6.822
     6.822    -10.233     10.233
    10.233    -13.644     10.233
    10.233    -10.233      6.822
     6.822    -13.644     13.644
     6.822    -10.233     17.055
    10.233    -13.644     17.055
    10.233    -10.233     13.644
     6.822    -13.644     20.466
     6.822    -10.233     23.877
    10.233    -13.644     23.877
    10.233    -10.233     20.466
     6.822    -13.644     27.288
     6.822    -10.233     30.699
    10.233    -13.644     30.699
    10.233    -10.233     27.288
     6.822    -13.644     34.110
     6.822    -10.233     37.521
    10.233    -10.233     34.110
     6.822     -3.411    -37.521
    10.233     -6.822    -37.521
     6.822     -6.822    -34.110
     6.822     -3.411    -30.699
    10.233     -6.822    -30.699
    10.233     -3.411    -34.110
     6.822     -6.822    -27.288
     6.822     -3.411    -23.877
    10.233     -6.822    -23.877
    10.233     -3.411    -27.288
     6.822     -6.822    -20.466
     6.822     -3.411    -17.055
    10.233     -6.822    -17.055
    10.233     -3.411    -20.466
     6.822     -6.822    -13.644
     6.822     -3.411    -10.233
    10.233     -6.822    -10.233
    10.233     -3.411    -13.644
     6.822     -6.822     -6.822
     6.822     -3.411     -3.411
    10.233     -6.822     -3.411
    10.233     -3.411     -6.822
     6.822     -6.822      0.000
     6.822     -3.411      3.411
    10.233     -6.822      3.411
    10.233     -3.411      0.000
     6.822     -6.822      6.822
     6.822     -3.411     10.233
    10.233     -6.822     10.233
    10.233     -3.411      6.822
     6.822     -6.822     13.644
     6.822     -3.411     17.055
    10.233     -6.822     17.055
    10.233     -3.411     13.644
     6.822     -6.822     20.466
     6.822     -3.411     23.877
    10.233     -6.822     23.877
    10.233     -3.411     20.466
     6.822     -6.822     27.288
     6.822     -3.411     30.699
    10.233     -6.822     30.699
    10.233     -3.411     27.288
     6.822     -6.822     34.110
     6.822     -3.411     37.521
    10.233     -6.822     37.521
    10.233     -3.411     34.110
     6.822      0.000    -40.931
     6.822      3.411    -37.521
    10.233      0.000    -37.521
     6.822      0.000    -34.110
     6.822      3.411    -30.699
    10.233      0.000    -30.699
    10.233      3.411    -34.110
     6.822      0.000    -27.288
     6.822      3.411    -23.877
    10.233      0.000    -23.877
    10.233      3.411    -27.288
     6.822      0.000    -20.466
     6.822      3.411    -17.055
    10.233      0.000    -17.055
    10.233      3.411    -20.466
     6.822      0.000    -13.644
     6.822      3.411    -10.233
    10.233      0.000    -10.233
    10.233      3.411    -13.644
     6.822      0.000     -6.822
     6.822      3.411     -3.411
    10.233      0.000     -3.411
    10.233      3.411     -6.822
     6.822      0.000      0.000
     6.822      3.411      3.411
    10.233      0.000      3.411
    10.233      3.411      0.000
     6.822      0.000      6.822
     6.822      3.411     10.233
    10.233      0.000     10.233
    10.233      3.411      6.822
     6.822      0.000     13.644
     6.822      3.411     17.055
    10.233      0.000     17.055
    10.233      3.411     13.644
     6.822      0.000     20.466
     6.822      3.411     23.877
    10.233      0.000     23.877
    10.233      3.411     20.466
     6.822      0.000     27.288
     6.822      3.411     30.699
    10.233      0.000     30.699
    10.233      3.411     27.288
     6.822      0.000     34.110
     6.822      3.411     37.521
    10.233      0.000     37.521
    10.233      3.411     34.110
     6.822      0.000     40.931
     6.822     10.233    -37.521
    10.233      6.822    -37.521
     6.822      6.822    -34.110
     6.822     10.233    -30.699
    10.233      6.822    -30.699
    10.233     10.233    -34.110
     6.822      6.822    -27.288
     6.822     10.233    -23.877
    10.233      6.822    -23.877
    10.233     10.233    -27.288
     6.822      6.822    -20.466
     6.822     10.233    -17.055
    10.233      6.822    -17.055
    10.233     10.233    -20.466
     6.822      6.822    -13.644
     6.822     10.233    -10.233
    10.233      6.822    -10.233
    10.233     10.233    -13.644
     6.822      6.822     -6.822
     6.822     10.233     -3.411
    10.233      6.822     -3.411
    10.233     10.233     -6.822
     6.822      6.822      0.000
     6.822     10.233      3.411
    10.233      6.822      3.411
    10.233     10.233      0.000
     6.822      6.822      6.822
     6.822     10.233     10.233
    10.233      6.822     10.233
    10.233     10.233      6.822
     6.822      6.822     13.644
     6.822     10.233     17.055
    10.233      6.822     17.055
    10.233     10.233     13.644
     6.822      6.822     20.466
     6.822     10.233     23.877
    10.233      6.822     23.877
    10.233     10.233     20.466
     6.822      6.822     27.288
     6.822     10.233     30.699
    10.233      6.822     30.699
    10.233     10.233     27.288
     6.822      6.822     34.110
     6.822     10.233     37.521
    10.233      6.822     37.521
    10.233     10.233     34.110
     6.822     13.644    -34.110
     6.822     17.055    -30.699
    10.233     13.644    -30.699
     6.822     13.644    -27.288
     6.822     17.055    -23.877
    10.233     13.644    -23.877
    10.233     17.055    -27.288
     6.822     13.644    -20.466
     6.822     17.055    -17.055
    10.233     13.644    -17.055
    10.233     17.055    -20.466
     6.822     13.644    -13.644
     6.822     17.055    -10.233
    10.233     13.644    -10.233
    10.233     17.055    -13.644
     6.822     13.644     -6.822
     6.822     17.055     -3.411
    10.233     13.644     -3.411
    10.233     17.055     -6.822
     6.822     13.644      0.000
     6.822     17.055      3.411
    10.233     13.644      3.411
    10.233     17.055      0.000
     6.822     13.644      6.822
     6.822     17.055     10.233
    10.233     13.644     10.233
    10.233     17.055      6.822
     6.822     13.644     13.644
     6.822     17.055     17.055
    10.233     13.644     17.055
    10.233     17.055     13.644
     6.822     13.644     20.466
     6.822     17.055     23.877
    10.233     13.644     23.877
    10.233     17.055     20.466
     6.822     13.644     27.288
     6.822     17.055     30.699
    10.233     13.644     30.699
    10.233     17.055     27.288
     6.822     13.644     34.110
     6.822     20.466    -27.288
     6.822     23.877    -23.877
    10.233     20.466    -23.877
     6.822     20.466    -20.466
     6.822     23.877    -17.055
    10.233     20.466    -17.055
    10.233     23.877    -20.466
     6.822     20.466    -13.644
     6.822     23.877    -10.233
    10.233     20.466    -10.233
    10.233     23.877    -13.644
     6.822     20.466     -6.822
     6.822     23.877     -3.411
    10.233     20.466     -3.411
    10.233     23.877     -6.822
     6.822     20.466      0.000
     6.822     23.877      3.411
    10.233     20.466      3.411
    10.233     23.877      0.000
     6.822     20.466      6.822
     6.822     23.877     10.233
    10.233     20.466     10.233
    10.233     23.877      6.822
     6.822     20.466     13.644
     6.822     23.877     17.055
    10.233     20.466     17.055
    10.233     23.877     13.644
     6.822     20.466     20.466
     6.822     23.877     23.877
    10.233     20.466     23.877
    10.233     23.877     20.466
     6.822     20.466     27.288
     6.822     27.288    -20.466
     6.822     30.699    -17.055
    10.233     27.288    -17.055
     6.822     27.288    -13.644
     6.822     30.699    -10.233
    10.233     27.288    -10.233
    10.233     30.699    -13.644
     6.822     27.288     -6.822
     6.822     30.699     -3.411
    10.233     27.288     -3.411
    10.233     30.699     -6.822
     6.822     27.288      0.000
     6.822     30.699      3.411
    10.233     27.288      3.411
    10.233     30.699      0.000
     6.822     27.288      6.822
     6.822     30.699     10.233
    10.233     27.288     10.233
    10.233     30.699      6.822
     6.822     27.288     13.644
     6.822     30.699     17.055
    10.233     27.288     17.055
    10.233     30.699     13.644
     6.822     27.288     20.466
     6.822     34.110    -13.644
     6.822     37.521    -10.233
    10.233     34.110    -10.233
     6.822     34.110     -6.822
     6.822     37.521     -3.411
    10.233     34.110     -3.411
    10.233     37.521     -6.822
     6.822     34.110      0.000
     6.822     37.521      3.411
    10.233     34.110      3.411
    10.233     37.521      0.000
     6.822     34.110      6.822
     6.822     37.521     10.233
    10.233     34.110     10.233
    10.233     37.521      6.822
     6.822     34.110     13.644
     6.822     40.931      0.000
    13.644    -30.699    -17.055
    13.644    -30.699    -10.233
    17.055    -30.699    -13.644
    13.644    -34.110     -6.822
    13.644    -30.699     -3.411
    17.055    -30.699     -6.822
    13.644    -34.110      0.000
    13.644    -30.699      3.411
    17.055    -30.699      0.000
    13.644    -34.110      6.822
    13.644    -30.699     10.233
    17.055    -30.699      6.822
    13.644    -30.699     17.055
    17.055    -30.699     13.644
    13.644    -23.877    -23.877
    13.644    -27.288    -20.466
    13.644    -23.877    -17.055
    17.055    -27.288    -17.055
    17.055    -23.877    -20.466
    13.644    -27.288    -13.644
    13.644    -23.877    -10.233
    17.055    -27.288    -10.233
    17.055    -23.877    -13.644
    13.644    -27.288     -6.822
    13.644    -23.877     -3.411
    17.055    -27.288     -3.411
    17.055    -23.877     -6.822
    13.644    -27.288      0.000
    13.644    -23.877      3.411
    17.055    -27.288      3.411
    17.055    -23.877      0.000
    13.644    -27.288      6.822
    13.644    -23.877     10.233
    17.055    -27.288     10.233
    17.055    -23.877      6.822
    13.644    -27.288     13.644
    13.644    -23.877     17.055
    17.055    -27.288     17.055
    17.055    -23.877     13.644
    13.644    -27.288     20.466
    13.644    -23.877     23.877
    17.055    -23.877     20.466
    13.644    -17.055    -30.699
    13.644    -20.466    -27.288
    13.644    -17.055    -23.877
    17.055    -20.466    -23.877
    17.055    -17.055    -27.288
    13.644    -20.466    -20.466
    13.644    -17.055    -17.055
    17.055    -20.466    -17.055
    17.055    -17.055    -20.466
    13.644    -20.466    -13.644
    13.644    -17.055    -10.233
    17.055    -20.466    -10.233
    17.055    -17.055    -13.644
    13.644    -20.466     -6.822
    13.644    -17.055     -3.411
    17.055    -20.466     -3.411
    17.055    -17.055     -6.822
    13.644    -20.466      0.000
    13.644    -17.055      3.411
    17.055    -20.466      3.411
    17.055    -17.055      0.000
    13.644    -20.466      6.822
    13.644    -17.055     10.233
    17.055    -20.466     10.233
    17.055    -17.055      6.822
    13.644    -20.466     13.644
    13.644    -17.055     17.055
    17.055    -20.466     17.055
    17.055    -17.055     13.644
    13.644    -20.466     20.466
    13.644    -17.055     23.877
    17.055    -20.466     23.877
    17.055    -17.055     20.466
    13.644    -20.466     27.288
    13.644    -17.055     30.699
    17.055    -17.055     27.288
    13.644    -10.233    -30.699
    17.055    -13.644    -30.699
    13.644    -13.644    -27.288
    13.644    -10.233    -23.877
    17.055    -13.644    -23.877
    17.055    -10.233    -27.288
    13.644    -13.644    -20.466
    13.644    -10.233    -17.055
    17.055    -13.644    -17.055
    17.055    -10.233    -20.466
    13.644    -13.644    -13.644
    13.644    -10.233    -10.233
    17.055    -13.644    -10.233
    17.055    -10.233    -13.644
    13.644    -13.644     -6.822
    13.644    -10.233     -3.411
    17.055    -13.644     -3.411
    17.055    -10.233     -6.822
    13.644    -13.644      0.000
    13.644    -10.233      3.411
    17.055    -13.644      3.411
    17.055    -10.233      0.000
    13.644    -13.644      6.822
    13.644    -10.233     10.233
    17.055    -13.644     10.233
    17.055    -10.233      6.822
    13.644    -13.644     13.644
    13.644    -10.233     17.055
    17.055    -13.644     17.055
    17.055    -10.233     13.644
    13.644    -13.644     20.466
    13.644    -10.233     23.877
    17.055    -13.644     23.877
    17.055    -10.233     20.466
    13.644    -13.644     27.288
    13.644    -10.233     30.699
    17.055    -13.644     30.699
    17.055    -10.233     27.288
    13.644     -6.822    -34.110
    13.644     -3.411    -30.699
    17.055     -6.822    -30.699
    13.644     -6.822    -27.288
    13.644     -3.411    -23.877
    17.055     -6.822    -23.877
    17.055     -3.411    -27.288
    13.644     -6.822    -20.466
    13.644     -3.411    -17.055
    17.055     -6.822    -17.055
    17.055     -3.411    -20.466
    13.644     -6.822    -13.644
    13.644     -3.411    -10.233
    17.055     -6.822    -10.233
    17.055     -3.411    -13.644
    13.644     -6.822     -6.822
    13.644     -3.411     -3.411
    17.055     -6.822     -3.411
    17.055     -3.411     -6.822
    13.644     -6.822      0.000
    13.644     -3.411      3.411
    17.055     -6.822      3.411
    17.055     -3.411      0.000
    13.644     -6.822      6.822
    13.644     -3.411     10.233
    17.055     -6.822     10.233
    17.055     -3.411      6.822
    13.644     -6.822     13.644
    13.644     -3.411     17.055
    17.055     -6.822     17.055
    17.055     -3.411     13.644
    13.644     -6.822     20.466
    13.644     -3.411     23.877
    17.055     -6.822     23.877
    17.055     -3.411     20.466
    13.644     -6.822     27.288
    13.644     -3.411     30.699
    17.055     -6.822     30.699
    17.055     -3.411     27.288
    13.644     -6.822     34.110
    13.644      0.000    -34.110
    13.644      3.411    -30.699
    17.055      0.000    -30.699
    13.644      0.000    -27.288
    13.644      3.411    -23.877
    17.055      0.000    -23.877
    17.055      3.411    -27.288
    13.644      0.000    -20.466
    13.644      3.411    -17.055
    17.055      0.000    -17.055
    17.055      3.411    -20.466
    13.644      0.000    -13.644
    13.644      3.411    -10.233
    17.055      0.000    -10.233
    17.055      3.411    -13.644
    13.644      0.000     -6.822
    13.644      3.411     -3.411
    17.055      0.000     -3.411
    17.055      3.411     -6.822
    13.644      0.000      0.000
    13.644      3.411      3.411
    17.055      0.000      3.411
    17.055      3.411      0.000
    13.644      0.000      6.822
    13.644      3.411     10.233
    17.055      0.000     10.233
    17.055      3.411      6.822
    13.644      0.000     13.644
    13.644      3.411     17.055
    17.055      0.000     17.055
    17.055      3.411     13.644
    13.644      0.000     20.466
    13.644      3.411     23.877
    17.055      0.000     23.877
    17.055      3.411     20.466
    13.644      0.000     27.288
    13.644      3.411     30.699
    17.055      0.000     30.699
    17.055      3.411     27.288
    13.644      0.000     34.110
    13.644      6.822    -34.110
    13.644     10.233    -30.699
    17.055      6.822    -30.699
    13.644      6.822    -27.288
    13.644     10.233    -23.877
    17.055      6.822    -23.877
    17.055     10.233    -27.288
    13.644      6.822    -20.466
    13.644     10.233    -17.055
    17.055      6.822    -17.055
    17.055     10.233    -20.466
    13.644      6.822    -13.644
    13.644     10.233    -10.233
    17.055      6.822    -10.233
    17.055     10.233    -13.644
    13.644      6.822     -6.822
    13.644     10.233     -3.411
    17.055      6.822     -3.411
    17.055     10.233     -6.822
    13.644      6.822      0.000
    13.644     10.233      3.411
    17.055      6.822      3.411
    17.055     10.233      0.000
    13.644      6.822      6.822
    13.644     10.233     10.233
    17.055      6.822     10.233
    17.055     10.233      6.822
    13.644      6.822     13.644
    13.644     10.233     17.055
    17.055      6.822     17.055
    17.055     10.233     13.644
    13.644      6.822     20.466
    13.644     10.233     23.877
    17.055      6.822     23.877
    17.055     10.233     20.466
    13.644      6.822     27.288
    13.644     10.233     30.699
    17.055      6.822     30.699
    17.055     10.233     27.288
    13.644      6.822     34.110
    13.644     17.055    -30.699
    17.055     13.644    -30.699
    13.644     13.644    -27.288
    13.644     17.055    -23.877
    17.055     13.644    -23.877
    17.055     17.055    -27.288
    13.644     13.644    -20.466
    13.644     17.055    -17.055
    17.055     13.644    -17.055
    17.055     17.055    -20.466
    13.644     13.644    -13.644
    13.644     17.055    -10.233
    17.055     13.644    -10.233
    17.055     17.055    -13.644
    13.644     13.644     -6.822
    13.644     17.055     -3.411
    17.055     13.644     -3.411
    17.055     17.055     -6.822
    13.644     13.644      0.000
    13.644     17.055      3.411
    17.055     13.644      3.411
    17.055     17.055      0.000
    13.644     13.644      6.822
    13.644     17.055     10.233
    17.055     13.644     10.233
    17.055     17.055      6.822
    13.644     13.644     13.644
    13.644     17.055     17.055
    17.055     13.644     17.055
    17.055     17.055     13.644
    13.644     13.644     20.466
    13.644     17.055     23.877
    17.055     13.644     23.877
    17.055     17.055     20.466
    13.644     13.644     27.288
    13.644     17.055     30.699
    17.055     13.644     30.699
    17.055     17.055     27.288
    13.644     20.466    -27.288
    13.644     23.877    -23.877
    17.055     20.466    -23.877
    13.644     20.466    -20.466
    13.644     23.877    -17.055
    17.055     20.466    -17.055
    17.055     23.877    -20.466
    13.644     20.466    -13.644
    13.644     23.877    -10.233
    17.055     20.466    -10.233
    17.055     23.877    -13.644
    13.644     20.466     -6.822
    13.644     23.877     -3.411
    17.055     20.466     -3.411
    17.055     23.877     -6.822
    13.644     20.466      0.000
    13.644     23.877      3.411
    17.055     20.466      3.411
    17.055     23.877      0.000
    13.644     20.466      6.822
    13.644     23.877     10.233
    17.055     20.466     10.233
    17.055     23.877      6.822
    13.644     20.466     13.644
    13.644     23.877     17.055
    17.055     20.466     17.055
    17.055     23.877     13.644
    13.644     20.466     20.466
    13.644     23.877     23.877
    17.055     20.466     23.877
    17.055     23.877     20.466
    13.644     20.466     27.288
    13.644     27.288    -20.466
    13.644     30.699    -17.055
    17.055     27.288    -17.055
    13.644     27.288    -13.644
    13.644     30.699    -10.233
    17.055     27.288    -10.233
    17.055     30.699    -13.644
    13.644     27.288     -6.822
    13.644     30.699     -3.411
    17.055     27.288     -3.411
    17.055     30.699     -6.822
    13.644     27.288      0.000
    13.644     30.699      3.411
    17.055     27.288      3.411
    17.055     30.699      0.000
    13.644     27.288      6.822
    13.644     30.699     10.233
    17.055     27.288     10.233
    17.055     30.699      6.822
    13.644     27.288     13.644
    13.644     30.699     17.055
    17.055     27.288     17.055
    17.055     30.699     13.644
    13.644     27.288     20.466
    13.644     34.110     -6.822
    13.644     34.110      0.000
    13.644     34.110      6.822
    20.466    -23.877    -23.877
    20.466    -23.877    -17.055
    23.877    -23.877    -20.466
    20.466    -27.288    -13.644
    20.466    -23.877    -10.233
    23.877    -23.877    -13.644
    20.466    -27.288     -6.822
    20.466    -23.877     -3.411
    23.877    -23.877     -6.822
    20.466    -27.288      0.000
    20.466    -23.877      3.411
    23.877    -23.877      0.000
    20.466    -27.288      6.822
    20.466    -23.877     10.233
    23.877    -23.877      6.822
    20.466    -27.288     13.644
    20.466    -23.877     17.055
    23.877    -23.877     13.644
    20.466    -23.877     23.877
    23.877    -23.877     20.466
    20.466    -17.055    -23.877
    23.877    -20.466    -23.877
    20.466    -20.466    -20.466
    20.466    -17.055    -17.055
    23.877    -20.466    -17.055
    23.877    -17.055    -20.466
    20.466    -20.466    -13.644
    20.466    -17.055    -10.233
    23.877    -20.466    -10.233
    23.877    -17.055    -13.644
    20.466    -20.466     -6.822
    20.466    -17.055     -3.411
    23.877    -20.466     -3.411
    23.877    -17.055     -6.822
    20.466    -20.466      0.000
    20.466    -17.055      3.411
    23.877    -20.466      3.411
    23.877    -17.055      0.000
    20.466    -20.466      6.822
    20.466    -17.055     10.233
    23.877    -20.466     10.233
    23.877    -17.055      6.822
    20.466    -20.466     13.644
    20.466    -17.055     17.055
    23.877    -20.466     17.055
    23.877    -17.055     13.644
    20.466    -20.466     20.466
    20.466    -17.055     23.877
    23.877    -20.466     23.877
    23.877    -17.055     20.466
    20.466    -13.644    -27.288
    20.466    -10.233    -23.877
    23.877    -13.644    -23.877
    20.466    -13.644    -20.466
    20.466    -10.233    -17.055
    23.877    -13.644    -17.055
    23.877    -10.233    -20.466
    20.466    -13.644    -13.644
    20.466    -10.233    -10.233
    23.877    -13.644    -10.233
    23.877    -10.233    -13.644
    20.466    -13.644     -6.822
    20.466    -10.233     -3.411
    23.877    -13.644     -3.411
    23.877    -10.233     -6.822
    20.466    -13.644      0.000
    20.466    -10.233      3.411
    23.877    -13.644      3.411
    23.877    -10.233      0.000
    20.466    -13.644      6.822
    20.466    -10.233     10.233
    23.877    -13.644     10.233
    23.877    -10.233      6.822
    20.466    -13.644     13.644
    20.466    -10.233     17.055
    23.877    -13.644     17.055
    23.877    -10.233     13.644
    20.466    -13.644     20.466
    20.466    -10.233     23.877
    23.877    -13.644     23.877
    23.877    -10.233     20.466
    20.466    -13.644     27.288
    20.466     -6.822    -27.288
    20.466     -3.411    -23.877
    23.877     -6.822    -23.877
    20.466     -6.822    -20.466
    20.466     -3.411    -17.055
    23.877     -6.822    -17.055
    23.877     -3.411    -20.466
    20.466     -6.822    -13.644
    20.466     -3.411    -10.233
    23.877     -6.822    -10.233
    23.877     -3.411    -13.644
    20.466     -6.822     -6.822
    20.466     -3.411     -3.411
    23.877     -6.822     -3.411
    23.877     -3.411     -6.822
    20.466     -6.822      0.000
    20.466     -3.411      3.411
    23.877     -6.822      3.411
    23.877     -3.411      0.000
    20.466     -6.822      6.822
    20.466     -3.411     10.233
    23.877     -6.822     10.233
    23.877     -3.411      6.822
    20.466     -6.822     13.644
    20.466     -3.411     17.055
    23.877     -6.822     17.055
    23.877     -3.411     13.644
    20.466     -6.822     20.466
    20.466     -3.411     23.877
    23.877     -6.822     23.877
    23.877     -3.411     20.466
    20.466     -6.822     27.288
    20.466      0.000    -27.288
    20.466      3.411    -23.877
    23.877      0.000    -23.877
    20.466      0.000    -20.466
    20.466      3.411    -17.055
    23.877      0.000    -17.055
    23.877      3.411    -20.466
    20.466      0.000    -13.644
    20.466      3.411    -10.233
    23.877      0.000    -10.233
    23.877      3.411    -13.644
    20.466      0.000     -6.822
    20.466      3.411     -3.411
    23.877      0.000     -3.411
    23.877      3.411     -6.822
    20.466      0.000      0.000
    20.466      3.411      3.411
    23.877      0.000      3.411
    23.877      3.411      0.000
    20.466      0.000      6.822
    20.466      3.411     10.233
    23.877      0.000     10.233
    23.877      3.411      6.822
    20.466      0.000     13.644
    20.466      3.411     17.055
    23.877      0.000     17.055
    23.877      3.411     13.644
    20.466      0.000     20.466
    20.466      3.411     23.877
    23.877      0.000     23.877
    23.877      3.411     20.466
    20.466      0.000     27.288
    20.466      6.822    -27.288
    20.466     10.233    -23.877
    23.877      6.822    -23.877
    20.466      6.822    -20.466
    20.466     10.233    -17.055
    23.877      6.822    -17.055
    23.877     10.233    -20.466
    20.466      6.822    -13.644
    20.466     10.233    -10.233
    23.877      6.822    -10.233
    23.877     10.233    -13.644
    20.466      6.822     -6.822
    20.466     10.233     -3.411
    23.877      6.822     -3.411
    23.877     10.233     -6.822
    20.466      6.822      0.000
    20.466     10.233      3.411
    23.877      6.822      3.411
    23.877     10.233      0.000
    20.466      6.822      6.822
    20.466     10.233     10.233
    23.877      6.822     10.233
    23.877     10.233      6.822
    20.466      6.822     13.644
    20.466     10.233     17.055
    23.877      6.822     17.055
    23.877     10.233     13.644
    20.466      6.822     20.466
    20.466     10.233     23.877
    23.877      6.822     23.877
    23.877     10.233     20.466
    20.466      6.822     27.288
    20.466     13.644    -27.288
    20.466     17.055    -23.877
    23.877     13.644    -23.877
    20.466     13.644    -20.466
    20.466     17.055    -17.055
    23.877     13.644    -17.055
    23.877     17.055    -20.466
    20.466     13.644    -13.644
    20.466     17.055    -10.233
    23.877     13.644    -10.233
    23.877     17.055    -13.644
    20.466     13.644     -6.822
    20.466     17.055     -3.411
    23.877     13.644     -3.411
    23.877     17.055     -6.822
    20.466     13.644      0.000
    20.466     17.055      3.411
    23.877     13.644      3.411
    23.877     17.055      0.000
    20.466     13.644      6.822
    20.466     17.055     10.233
    23.877     13.644     10.233
    23.877     17.055      6.822
    20.466     13.644     13.644
    20.466     17.055     17.055
    23.877     13.644     17.055
    23.877     17.055     13.644
    20.466     13.644     20.466
    20.466     17.055     23.877
    23.877     13.644     23.877
    23.877     17.055     20.466
    20.466     13.644     27.288
    20.466     23.877    -23.877
    23.877     20.466    -23.877
    20.466     20.466    -20.466
    20.466     23.877    -17.055
    23.877     20.466    -17.055
    23.877     23.877    -20.466
    20.466     20.466    -13.644
    20.466     23.877    -10.233
    23.877     20.466    -10.233
    23.877     23.877    -13.644
    20.466     20.466     -6.822
    20.466     23.877     -3.411
    23.877     20.466     -3.411
    23.877     23.877     -6.822
    20.466     20.466      0.000
    20.466     23.877      3.411
    23.877     20.466      3.411
    23.877     23.877      0.000
    20.466     20.466      6.822
    20.466     23.877     10.233
    23.877     20.466     10.233
    23.877     23.877      6.822
    20.466     20.466     13.644
    20.466     23.877     17.055
    23.877     20.466     17.055
    23.877     23.877     13.644
    20.466     20.466     20.466
    20.466     23.877     23.877
    23.877     20.466     23.877
    23.877     23.877     20.466
    20.466     27.288    -13.644
    20.466     27.288     -6.822
    20.466     27.288      0.000
    20.466     27.288      6.822
    20.466     27.288     13.644
    27.288    -17.055    -17.055
    27.288    -20.466    -13.644
    27.288    -17.055    -10.233
    30.699    -17.055    -13.644
    27.288    -20.466     -6.822
    27.288    -17.055     -3.411
    30.699    -17.055     -6.822
    27.288    -20.466      0.000
    27.288    -17.055      3.411
    30.699    -17.055      0.000
    27.288    -20.466      6.822
    27.288    -17.055     10.233
    30.699    -17.055      6.822
    27.288    -20.466     13.644
    27.288    -17.055     17.055
    30.699    -17.055     13.644
    27.288    -13.644    -20.466
    27.288    -10.233    -17.055
    30.699    -13.644    -17.055
    27.288    -13.644    -13.644
    27.288    -10.233    -10.233
    30.699    -13.644    -10.233
    30.699    -10.233    -13.644
    27.288    -13.644     -6.822
    27.288    -10.233     -3.411
    30.699    -13.644     -3.411
    30.699    -10.233     -6.822
    27.288    -13.644      0.000
    27.288    -10.233      3.411
    30.699    -13.644      3.411
    30.699    -10.233      0.000
    27.288    -13.644      6.822
    27.288    -10.233     10.233
    30.699    -13.644     10.233
    30.699    -10.233      6.822
    27.288    -13.644     13.644
    27.288    -10.233     17.055
    30.699    -13.644     17.055
    30.699    -10.233     13.644
    27.288    -13.644     20.466
    27.288     -6.822    -20.466
    27.288     -3.411    -17.055
    30.699     -6.822    -17.055
    27.288     -6.822    -13.644
    27.288     -3.411    -10.233
    30.699     -6.822    -10.233
    30.699     -3.411    -13.644
    27.288     -6.822     -6.822
    27.288     -3.411     -3.411
    30.699     -6.822     -3.411
    30.699     -3.411     -6.822
    27.288     -6.822      0.000
    27.288     -3.411      3.411
    30.699     -6.822      3.411
    30.699     -3.411      0.000
    27.288     -6.822      6.822
    27.288     -3.411     10.233
    30.699     -6.822     10.233
    30.699     -3.411      6.822
    27.288     -6.822     13.644
    27.288     -3.411     17.055
    30.699     -6.822     17.055
    30.699     -3.411     13.644
    27.288     -6.822     20.466
    27.288      0.000    -20.466
    27.288      3.411    -17.055
    30.699      0.000    -17.055
    27.288      0.000    -13.644
    27.288      3.411    -10.233
    30.699      0.000    -10.233
    30.699      3.411    -13.644
    27.288      0.000     -6.822
    27.288      3.411     -3.411
    30.699      0.000     -3.411
    30.699      3.411     -6.822
    27.288      0.000      0.000
    27.288      3.411      3.411
    30.699      0.000      3.411
    30.699      3.411      0.000
    27.288      0.000      6.822
    27.288      3.411     10.233
    30.699      0.000     10.233
    30.699      3.411      6.822
    27.288      0.000     13.644
    27.288      3.411     17.055
    30.699      0.000     17.055
    30.699      3.411     13.644
    27.288      0.000     20.466
    27.288      6.822    -20.466
    27.288     10.233    -17.055
    30.699      6.822    -17.055
    27.288      6.822    -13.644
    27.288     10.233    -10.233
    30.699      6.822    -10.233
    30.699     10.233    -13.644
    27.288      6.822     -6.822
    27.288     10.233     -3.411
    30.699      6.822     -3.411
    30.699     10.233     -6.822
    27.288      6.822      0.000
    27.288     10.233      3.411
    30.699      6.822      3.411
    30.699     10.233      0.000
    27.288      6.822      6.822
    27.288     10.233     10.233
    30.699      6.822     10.233
    30.699     10.233      6.822
    27.288      6.822     13.644
    27.288     10.233     17.055
    30.699      6.822     17.055
    30.699     10.233     13.644
    27.288      6.822     20.466
    27.288     13.644    -20.466
    27.288     17.055    -17.055
    30.699     13.644    -17.055
    27.288     13.644    -13.644
    27.288     17.055    -10.233
    30.699     13.644    -10.233
    30.699     17.055    -13.644
    27.288     13.644     -6.822
    27.288     17.055     -3.411
    30.699     13.644     -3.411
    30.699     17.055     -6.822
    27.288     13.644      0.000
    27.288     17.055      3.411
    30.699     13.644      3.411
    30.699     17.055      0.000
    27.288     13.644      6.822
    27.288     17.055     10.233
    30.699     13.644     10.233
    30.699     17.055      6.822
    27.288     13.644     13.644
    27.288     17.055     17.055
    30.699     13.644     17.055
    30.699     17.055     13.644
    27.288     13.644     20.466
    27.288     20.466    -13.644
    27.288     20.466     -6.822
    27.288     20.466      0.000
    27.288     20.466      6.822
    27.288     20.466     13.644
    34.110    -10.233    -10.233
    34.110    -13.644     -6.822
    34.110    -10.233     -3.411
    37.521    -10.233     -6.822
    34.110    -13.644      0.000
    34.110    -10.233      3.411
    37.521    -10.233      0.000
    34.110    -13.644      6.822
    34.110    -10.233     10.233
    37.521    -10.233      6.822
    34.110     -6.822    -13.644
    34.110     -3.411    -10.233
    37.521     -6.822    -10.233
    34.110     -6.822     -6.822
    34.110     -3.411     -3.411
    37.521     -6.822     -3.411
    37.521     -3.411     -6.822
    34.110     -6.822      0.000
    34.110     -3.411      3.411
    37.521     -6.822      3.411
    37.521     -3.411      0.000
    34.110     -6.822      6.822
    34.110     -3.411     10.233
    37.521     -6.822     10.233
    37.521     -3.411      6.822
    34.110     -6.822     13.644
    34.110      0.000    -13.644
    34.110      3.411    -10.233
    37.521      0.000    -10.233
    34.110      0.000     -6.822
    34.110      3.411     -3.411
    37.521      0.000     -3.411
    37.521      3.411     -6.822
    34.110      0.000      0.000
    34.110      3.411      3.411
    37.521      0.000      3.411
    37.521      3.411      0.000
    34.110      0.000      6.822
    34.110      3.411     10.233
    37.521      0.000     10.233
    37.521      3.411      6.822
    34.110      0.000     13.644
    34.110      6.822    -13.644
    34.110     10.233    -10.233
    37.521      6.822    -10.233
    34.110      6.822     -6.822
    34.110     10.233     -3.411
    37.521      6.822     -3.411
    37.521     10.233     -6.822
    34.110      6.822      0.000
    34.110     10.233      3.411
    37.521      6.822      3.411
    37.521     10.233      0.000
    34.110      6.822      6.822
    34.110     10.233     10.233
    37.521      6.822     10.233
    37.521     10.233      6.822
    34.110      6.822     13.644
    34.110     13.644     -6.822
    34.110     13.644      0.000
    34.110     13.644      6.822
    40.931     -3.411     -3.411
    40.931     -6.822      0.000
    40.931     -3.411      3.411
    44.342     -3.411      0.000
    40.931      0.000     -6.822
    40.931      3.411     -3.411
    44.342      0.000     -3.411
    40.931      0.000      0.000
    40.931      3.411      3.411
    44.342      0.000      3.411
    44.342      3.411      0.000
    40.931      0.000      6.822
    40.931      6.822      0.000
