   -12.741     41.002     41.002
   -12.741     36.179     41.002
   -12.741     31.355     41.002
   -12.741     26.531     41.002
   -12.741     21.707     41.002
   -12.741     16.883     41.002
   -12.741     12.060     41.002
   -12.741      7.236     41.002
   -12.741      2.412     41.002
   -12.741     -2.412     41.002
   -12.741     -7.236     41.002
   -12.741    -12.060     41.002
   -12.741    -16.883     41.002
   -12.741    -21.707     41.002
   -12.741    -26.531     41.002
   -12.741    -31.355     41.002
   -12.741    -36.179     41.002
   -12.741    -41.002     41.002
   -16.152     38.591     38.591
   -16.152     33.767     38.591
   -16.152     28.943     38.591
   -16.152     24.119     38.591
   -16.152     19.295     38.591
   -16.152     14.471     38.591
   -16.152      9.648     38.591
   -16.152      4.824     38.591
   -16.152     -0.000     38.591
   -16.152     -4.824     38.591
   -16.152     -9.648     38.591
   -16.152    -14.471     38.591
   -16.152    -19.295     38.591
   -16.152    -24.119     38.591
   -16.152    -28.943     38.591
   -16.152    -33.767     38.591
   -16.152    -38.591     38.591
   -12.741     41.002     36.179
   -12.741     36.179     36.179
   -19.563     36.179     36.179
   -12.741     31.355     36.179
   -19.563     31.355     36.179
   -12.741     26.531     36.179
   -19.563     26.531     36.179
   -12.741     21.707     36.179
   -19.563     21.707     36.179
   -12.741     16.883     36.179
   -19.563     16.883     36.179
   -12.741     12.060     36.179
   -19.563     12.060     36.179
   -12.741      7.236     36.179
   -19.563      7.236     36.179
   -12.741      2.412     36.179
   -19.563      2.412     36.179
   -12.741     -2.412     36.179
   -19.563     -2.412     36.179
   -12.741     -7.236     36.179
   -19.563     -7.236     36.179
   -12.741    -12.060     36.179
   -19.563    -12.060     36.179
   -12.741    -16.883     36.179
   -19.563    -16.883     36.179
   -12.741    -21.707     36.179
   -19.563    -21.707     36.179
   -12.741    -26.531     36.179
   -19.563    -26.531     36.179
   -12.741    -31.355     36.179
   -19.563    -31.355     36.179
   -12.741    -36.179     36.179
   -19.563    -36.179     36.179
   -12.741    -41.002     36.179
   -16.152     38.591     33.767
   -16.152     33.767     33.767
   -22.974     33.767     33.767
   -16.152     28.943     33.767
   -22.974     28.943     33.767
   -16.152     24.119     33.767
   -22.974     24.119     33.767
   -16.152     19.295     33.767
   -22.974     19.295     33.767
   -16.152     14.471     33.767
   -22.974     14.471     33.767
   -16.152      9.648     33.767
   -22.974      9.648     33.767
   -16.152      4.824     33.767
   -22.974      4.824     33.767
   -16.152     -0.000     33.767
   -22.974     -0.000     33.767
   -16.152     -4.824     33.767
   -22.974     -4.824     33.767
   -16.152     -9.648     33.767
   -22.974     -9.648     33.767
   -16.152    -14.471     33.767
   -22.974    -14.471     33.767
   -16.152    -19.295     33.767
   -22.974    -19.295     33.767
   -16.152    -24.119     33.767
   -22.974    -24.119     33.767
   -16.152    -28.943     33.767
   -22.974    -28.943     33.767
   -16.152    -33.767     33.767
   -22.974    -33.767     33.767
   -16.152    -38.591     33.767
   -12.741     41.002     31.355
   -12.741     36.179     31.355
   -19.563     36.179     31.355
   -12.741     31.355     31.355
   -19.563     31.355     31.355
   -26.385     31.355     31.355
   -12.741     26.531     31.355
   -19.563     26.531     31.355
   -26.385     26.531     31.355
   -12.741     21.707     31.355
   -19.563     21.707     31.355
   -26.385     21.707     31.355
   -12.741     16.883     31.355
   -19.563     16.883     31.355
   -26.385     16.883     31.355
   -12.741     12.060     31.355
   -19.563     12.060     31.355
   -26.385     12.060     31.355
   -12.741      7.236     31.355
   -19.563      7.236     31.355
   -26.385      7.236     31.355
   -12.741      2.412     31.355
   -19.563      2.412     31.355
   -26.385      2.412     31.355
   -12.741     -2.412     31.355
   -19.563     -2.412     31.355
   -26.385     -2.412     31.355
   -12.741     -7.236     31.355
   -19.563     -7.236     31.355
   -26.385     -7.236     31.355
   -12.741    -12.060     31.355
   -19.563    -12.060     31.355
   -26.385    -12.060     31.355
   -12.741    -16.883     31.355
   -19.563    -16.883     31.355
   -26.385    -16.883     31.355
   -12.741    -21.707     31.355
   -19.563    -21.707     31.355
   -26.385    -21.707     31.355
   -12.741    -26.531     31.355
   -19.563    -26.531     31.355
   -26.385    -26.531     31.355
   -12.741    -31.355     31.355
   -19.563    -31.355     31.355
   -26.385    -31.355     31.355
   -12.741    -36.179     31.355
   -19.563    -36.179     31.355
   -12.741    -41.002     31.355
   -16.152     38.591     28.943
   -16.152     33.767     28.943
   -22.974     33.767     28.943
   -16.152     28.943     28.943
   -22.974     28.943     28.943
   -29.796     28.943     28.943
   -16.152     24.119     28.943
   -22.974     24.119     28.943
   -29.796     24.119     28.943
   -16.152     19.295     28.943
   -22.974     19.295     28.943
   -29.796     19.295     28.943
   -16.152     14.471     28.943
   -22.974     14.471     28.943
   -29.796     14.471     28.943
   -16.152      9.648     28.943
   -22.974      9.648     28.943
   -29.796      9.648     28.943
   -16.152      4.824     28.943
   -22.974      4.824     28.943
   -29.796      4.824     28.943
   -16.152     -0.000     28.943
   -22.974     -0.000     28.943
   -29.796     -0.000     28.943
   -16.152     -4.824     28.943
   -22.974     -4.824     28.943
   -29.796     -4.824     28.943
   -16.152     -9.648     28.943
   -22.974     -9.648     28.943
   -29.796     -9.648     28.943
   -16.152    -14.471     28.943
   -22.974    -14.471     28.943
   -29.796    -14.471     28.943
   -16.152    -19.295     28.943
   -22.974    -19.295     28.943
   -29.796    -19.295     28.943
   -16.152    -24.119     28.943
   -22.974    -24.119     28.943
   -29.796    -24.119     28.943
   -16.152    -28.943     28.943
   -22.974    -28.943     28.943
   -29.796    -28.943     28.943
   -16.152    -33.767     28.943
   -22.974    -33.767     28.943
   -16.152    -38.591     28.943
   -12.741     41.002     26.531
   -12.741     36.179     26.531
   -19.563     36.179     26.531
   -12.741     31.355     26.531
   -19.563     31.355     26.531
   -26.385     31.355     26.531
   -12.741     26.531     26.531
   -19.563     26.531     26.531
   -26.385     26.531     26.531
   -12.741     21.707     26.531
   -19.563     21.707     26.531
   -26.385     21.707     26.531
   -12.741     16.883     26.531
   -19.563     16.883     26.531
   -26.385     16.883     26.531
   -12.741     12.060     26.531
   -19.563     12.060     26.531
   -26.385     12.060     26.531
   -12.741      7.236     26.531
   -19.563      7.236     26.531
   -26.385      7.236     26.531
   -12.741      2.412     26.531
   -19.563      2.412     26.531
   -26.385      2.412     26.531
   -12.741     -2.412     26.531
   -19.563     -2.412     26.531
   -26.385     -2.412     26.531
   -12.741     -7.236     26.531
   -19.563     -7.236     26.531
   -26.385     -7.236     26.531
   -12.741    -12.060     26.531
   -19.563    -12.060     26.531
   -26.385    -12.060     26.531
   -12.741    -16.883     26.531
   -19.563    -16.883     26.531
   -26.385    -16.883     26.531
   -12.741    -21.707     26.531
   -19.563    -21.707     26.531
   -26.385    -21.707     26.531
   -12.741    -26.531     26.531
   -19.563    -26.531     26.531
   -26.385    -26.531     26.531
   -12.741    -31.355     26.531
   -19.563    -31.355     26.531
   -26.385    -31.355     26.531
   -12.741    -36.179     26.531
   -19.563    -36.179     26.531
   -12.741    -41.002     26.531
   -16.152     38.591     24.119
   -16.152     33.767     24.119
   -22.974     33.767     24.119
   -16.152     28.943     24.119
   -22.974     28.943     24.119
   -29.796     28.943     24.119
   -16.152     24.119     24.119
   -22.974     24.119     24.119
   -29.796     24.119     24.119
   -16.152     19.295     24.119
   -22.974     19.295     24.119
   -29.796     19.295     24.119
   -16.152     14.471     24.119
   -22.974     14.471     24.119
   -29.796     14.471     24.119
   -16.152      9.648     24.119
   -22.974      9.648     24.119
   -29.796      9.648     24.119
   -16.152      4.824     24.119
   -22.974      4.824     24.119
   -29.796      4.824     24.119
   -16.152     -0.000     24.119
   -22.974     -0.000     24.119
   -29.796     -0.000     24.119
   -16.152     -4.824     24.119
   -22.974     -4.824     24.119
   -29.796     -4.824     24.119
   -16.152     -9.648     24.119
   -22.974     -9.648     24.119
   -29.796     -9.648     24.119
   -16.152    -14.471     24.119
   -22.974    -14.471     24.119
   -29.796    -14.471     24.119
   -16.152    -19.295     24.119
   -22.974    -19.295     24.119
   -29.796    -19.295     24.119
   -16.152    -24.119     24.119
   -22.974    -24.119     24.119
   -29.796    -24.119     24.119
   -16.152    -28.943     24.119
   -22.974    -28.943     24.119
   -29.796    -28.943     24.119
   -16.152    -33.767     24.119
   -22.974    -33.767     24.119
   -16.152    -38.591     24.119
   -12.741     41.002     21.707
   -12.741     36.179     21.707
   -19.563     36.179     21.707
   -12.741     31.355     21.707
   -19.563     31.355     21.707
   -26.385     31.355     21.707
   -12.741     26.531     21.707
   -19.563     26.531     21.707
   -26.385     26.531     21.707
   -12.741     21.707     21.707
   -19.563     21.707     21.707
   -26.385     21.707     21.707
   -12.741     16.883     21.707
   -19.563     16.883     21.707
   -26.385     16.883     21.707
   -12.741     12.060     21.707
   -19.563     12.060     21.707
   -26.385     12.060     21.707
   -12.741      7.236     21.707
   -19.563      7.236     21.707
   -26.385      7.236     21.707
   -12.741      2.412     21.707
   -19.563      2.412     21.707
   -26.385      2.412     21.707
   -12.741     -2.412     21.707
   -19.563     -2.412     21.707
   -26.385     -2.412     21.707
   -12.741     -7.236     21.707
   -19.563     -7.236     21.707
   -26.385     -7.236     21.707
   -12.741    -12.060     21.707
   -19.563    -12.060     21.707
   -26.385    -12.060     21.707
   -12.741    -16.883     21.707
   -19.563    -16.883     21.707
   -26.385    -16.883     21.707
   -12.741    -21.707     21.707
   -19.563    -21.707     21.707
   -26.385    -21.707     21.707
   -12.741    -26.531     21.707
   -19.563    -26.531     21.707
   -26.385    -26.531     21.707
   -12.741    -31.355     21.707
   -19.563    -31.355     21.707
   -26.385    -31.355     21.707
   -12.741    -36.179     21.707
   -19.563    -36.179     21.707
   -12.741    -41.002     21.707
   -16.152     38.591     19.295
   -16.152     33.767     19.295
   -22.974     33.767     19.295
   -16.152     28.943     19.295
   -22.974     28.943     19.295
   -29.796     28.943     19.295
   -16.152     24.119     19.295
   -22.974     24.119     19.295
   -29.796     24.119     19.295
   -16.152     19.295     19.295
   -22.974     19.295     19.295
   -29.796     19.295     19.295
   -16.152     14.471     19.295
   -22.974     14.471     19.295
   -29.796     14.471     19.295
   -16.152      9.648     19.295
   -22.974      9.648     19.295
   -29.796      9.648     19.295
   -16.152      4.824     19.295
   -22.974      4.824     19.295
   -29.796      4.824     19.295
   -16.152     -0.000     19.295
   -22.974     -0.000     19.295
   -29.796     -0.000     19.295
   -16.152     -4.824     19.295
   -22.974     -4.824     19.295
   -29.796     -4.824     19.295
   -16.152     -9.648     19.295
   -22.974     -9.648     19.295
   -29.796     -9.648     19.295
   -16.152    -14.471     19.295
   -22.974    -14.471     19.295
   -29.796    -14.471     19.295
   -16.152    -19.295     19.295
   -22.974    -19.295     19.295
   -29.796    -19.295     19.295
   -16.152    -24.119     19.295
   -22.974    -24.119     19.295
   -29.796    -24.119     19.295
   -16.152    -28.943     19.295
   -22.974    -28.943     19.295
   -29.796    -28.943     19.295
   -16.152    -33.767     19.295
   -22.974    -33.767     19.295
   -16.152    -38.591     19.295
   -12.741     41.002     16.883
   -12.741     36.179     16.883
   -19.563     36.179     16.883
   -12.741     31.355     16.883
   -19.563     31.355     16.883
   -26.385     31.355     16.883
   -12.741     26.531     16.883
   -19.563     26.531     16.883
   -26.385     26.531     16.883
   -12.741     21.707     16.883
   -19.563     21.707     16.883
   -26.385     21.707     16.883
   -12.741     16.883     16.883
   -19.563     16.883     16.883
   -26.385     16.883     16.883
   -12.741     12.060     16.883
   -19.563     12.060     16.883
   -26.385     12.060     16.883
   -12.741      7.236     16.883
   -19.563      7.236     16.883
   -26.385      7.236     16.883
   -12.741      2.412     16.883
   -19.563      2.412     16.883
   -26.385      2.412     16.883
   -12.741     -2.412     16.883
   -19.563     -2.412     16.883
   -26.385     -2.412     16.883
   -12.741     -7.236     16.883
   -19.563     -7.236     16.883
   -26.385     -7.236     16.883
   -12.741    -12.060     16.883
   -19.563    -12.060     16.883
   -26.385    -12.060     16.883
   -12.741    -16.883     16.883
   -19.563    -16.883     16.883
   -26.385    -16.883     16.883
   -12.741    -21.707     16.883
   -19.563    -21.707     16.883
   -26.385    -21.707     16.883
   -12.741    -26.531     16.883
   -19.563    -26.531     16.883
   -26.385    -26.531     16.883
   -12.741    -31.355     16.883
   -19.563    -31.355     16.883
   -26.385    -31.355     16.883
   -12.741    -36.179     16.883
   -19.563    -36.179     16.883
   -12.741    -41.002     16.883
   -16.152     38.591     14.471
   -16.152     33.767     14.471
   -22.974     33.767     14.471
   -16.152     28.943     14.471
   -22.974     28.943     14.471
   -29.796     28.943     14.471
   -16.152     24.119     14.471
   -22.974     24.119     14.471
   -29.796     24.119     14.471
   -16.152     19.295     14.471
   -22.974     19.295     14.471
   -29.796     19.295     14.471
   -16.152     14.471     14.471
   -22.974     14.471     14.471
   -29.796     14.471     14.471
   -16.152      9.648     14.471
   -22.974      9.648     14.471
   -29.796      9.648     14.471
   -16.152      4.824     14.471
   -22.974      4.824     14.471
   -29.796      4.824     14.471
   -16.152     -0.000     14.471
   -22.974     -0.000     14.471
   -29.796     -0.000     14.471
   -16.152     -4.824     14.471
   -22.974     -4.824     14.471
   -29.796     -4.824     14.471
   -16.152     -9.648     14.471
   -22.974     -9.648     14.471
   -29.796     -9.648     14.471
   -16.152    -14.471     14.471
   -22.974    -14.471     14.471
   -29.796    -14.471     14.471
   -16.152    -19.295     14.471
   -22.974    -19.295     14.471
   -29.796    -19.295     14.471
   -16.152    -24.119     14.471
   -22.974    -24.119     14.471
   -29.796    -24.119     14.471
   -16.152    -28.943     14.471
   -22.974    -28.943     14.471
   -29.796    -28.943     14.471
   -16.152    -33.767     14.471
   -22.974    -33.767     14.471
   -16.152    -38.591     14.471
   -12.741     41.002     12.060
   -12.741     36.179     12.060
   -19.563     36.179     12.060
   -12.741     31.355     12.060
   -19.563     31.355     12.060
   -26.385     31.355     12.060
   -12.741     26.531     12.060
   -19.563     26.531     12.060
   -26.385     26.531     12.060
   -12.741     21.707     12.060
   -19.563     21.707     12.060
   -26.385     21.707     12.060
   -12.741     16.883     12.060
   -19.563     16.883     12.060
   -26.385     16.883     12.060
   -12.741     12.060     12.060
   -19.563     12.060     12.060
   -26.385     12.060     12.060
   -12.741      7.236     12.060
   -19.563      7.236     12.060
   -26.385      7.236     12.060
   -12.741      2.412     12.060
   -19.563      2.412     12.060
   -26.385      2.412     12.060
   -12.741     -2.412     12.060
   -19.563     -2.412     12.060
   -26.385     -2.412     12.060
   -12.741     -7.236     12.060
   -19.563     -7.236     12.060
   -26.385     -7.236     12.060
   -12.741    -12.060     12.060
   -19.563    -12.060     12.060
   -26.385    -12.060     12.060
   -12.741    -16.883     12.060
   -19.563    -16.883     12.060
   -26.385    -16.883     12.060
   -12.741    -21.707     12.060
   -19.563    -21.707     12.060
   -26.385    -21.707     12.060
   -12.741    -26.531     12.060
   -19.563    -26.531     12.060
   -26.385    -26.531     12.060
   -12.741    -31.355     12.060
   -19.563    -31.355     12.060
   -26.385    -31.355     12.060
   -12.741    -36.179     12.060
   -19.563    -36.179     12.060
   -12.741    -41.002     12.060
   -16.152     38.591      9.648
   -16.152     33.767      9.648
   -22.974     33.767      9.648
   -16.152     28.943      9.648
   -22.974     28.943      9.648
   -29.796     28.943      9.648
   -16.152     24.119      9.648
   -22.974     24.119      9.648
   -29.796     24.119      9.648
   -16.152     19.295      9.648
   -22.974     19.295      9.648
   -29.796     19.295      9.648
   -16.152     14.471      9.648
   -22.974     14.471      9.648
   -29.796     14.471      9.648
   -16.152      9.648      9.648
   -22.974      9.648      9.648
   -29.796      9.648      9.648
   -16.152      4.824      9.648
   -22.974      4.824      9.648
   -29.796      4.824      9.648
   -16.152     -0.000      9.648
   -22.974     -0.000      9.648
   -29.796     -0.000      9.648
   -16.152     -4.824      9.648
   -22.974     -4.824      9.648
   -29.796     -4.824      9.648
   -16.152     -9.648      9.648
   -22.974     -9.648      9.648
   -29.796     -9.648      9.648
   -16.152    -14.471      9.648
   -22.974    -14.471      9.648
   -29.796    -14.471      9.648
   -16.152    -19.295      9.648
   -22.974    -19.295      9.648
   -29.796    -19.295      9.648
   -16.152    -24.119      9.648
   -22.974    -24.119      9.648
   -29.796    -24.119      9.648
   -16.152    -28.943      9.648
   -22.974    -28.943      9.648
   -29.796    -28.943      9.648
   -16.152    -33.767      9.648
   -22.974    -33.767      9.648
   -16.152    -38.591      9.648
   -12.741     41.002      7.236
   -12.741     36.179      7.236
   -19.563     36.179      7.236
   -12.741     31.355      7.236
   -19.563     31.355      7.236
   -26.385     31.355      7.236
   -12.741     26.531      7.236
   -19.563     26.531      7.236
   -26.385     26.531      7.236
   -12.741     21.707      7.236
   -19.563     21.707      7.236
   -26.385     21.707      7.236
   -12.741     16.883      7.236
   -19.563     16.883      7.236
   -26.385     16.883      7.236
   -12.741     12.060      7.236
   -19.563     12.060      7.236
   -26.385     12.060      7.236
   -12.741      7.236      7.236
   -19.563      7.236      7.236
   -26.385      7.236      7.236
   -12.741      2.412      7.236
   -19.563      2.412      7.236
   -26.385      2.412      7.236
   -12.741     -2.412      7.236
   -19.563     -2.412      7.236
   -26.385     -2.412      7.236
   -12.741     -7.236      7.236
   -19.563     -7.236      7.236
   -26.385     -7.236      7.236
   -12.741    -12.060      7.236
   -19.563    -12.060      7.236
   -26.385    -12.060      7.236
   -12.741    -16.883      7.236
   -19.563    -16.883      7.236
   -26.385    -16.883      7.236
   -12.741    -21.707      7.236
   -19.563    -21.707      7.236
   -26.385    -21.707      7.236
   -12.741    -26.531      7.236
   -19.563    -26.531      7.236
   -26.385    -26.531      7.236
   -12.741    -31.355      7.236
   -19.563    -31.355      7.236
   -26.385    -31.355      7.236
   -12.741    -36.179      7.236
   -19.563    -36.179      7.236
   -12.741    -41.002      7.236
   -16.152     38.591      4.824
   -16.152     33.767      4.824
   -22.974     33.767      4.824
   -16.152     28.943      4.824
   -22.974     28.943      4.824
   -29.796     28.943      4.824
   -16.152     24.119      4.824
   -22.974     24.119      4.824
   -29.796     24.119      4.824
   -16.152     19.295      4.824
   -22.974     19.295      4.824
   -29.796     19.295      4.824
   -16.152     14.471      4.824
   -22.974     14.471      4.824
   -29.796     14.471      4.824
   -16.152      9.648      4.824
   -22.974      9.648      4.824
   -29.796      9.648      4.824
   -16.152      4.824      4.824
   -22.974      4.824      4.824
   -29.796      4.824      4.824
   -16.152     -0.000      4.824
   -22.974     -0.000      4.824
   -29.796     -0.000      4.824
   -16.152     -4.824      4.824
   -22.974     -4.824      4.824
   -29.796     -4.824      4.824
   -16.152     -9.648      4.824
   -22.974     -9.648      4.824
   -29.796     -9.648      4.824
   -16.152    -14.471      4.824
   -22.974    -14.471      4.824
   -29.796    -14.471      4.824
   -16.152    -19.295      4.824
   -22.974    -19.295      4.824
   -29.796    -19.295      4.824
   -16.152    -24.119      4.824
   -22.974    -24.119      4.824
   -29.796    -24.119      4.824
   -16.152    -28.943      4.824
   -22.974    -28.943      4.824
   -29.796    -28.943      4.824
   -16.152    -33.767      4.824
   -22.974    -33.767      4.824
   -16.152    -38.591      4.824
   -12.741     41.002      2.412
   -12.741     36.179      2.412
   -19.563     36.179      2.412
   -12.741     31.355      2.412
   -19.563     31.355      2.412
   -26.385     31.355      2.412
   -12.741     26.531      2.412
   -19.563     26.531      2.412
   -26.385     26.531      2.412
   -12.741     21.707      2.412
   -19.563     21.707      2.412
   -26.385     21.707      2.412
   -12.741     16.883      2.412
   -19.563     16.883      2.412
   -26.385     16.883      2.412
   -12.741     12.060      2.412
   -19.563     12.060      2.412
   -26.385     12.060      2.412
   -12.741      7.236      2.412
   -19.563      7.236      2.412
   -26.385      7.236      2.412
   -12.741      2.412      2.412
   -19.563      2.412      2.412
   -26.385      2.412      2.412
   -12.741     -2.412      2.412
   -19.563     -2.412      2.412
   -26.385     -2.412      2.412
   -12.741     -7.236      2.412
   -19.563     -7.236      2.412
   -26.385     -7.236      2.412
   -12.741    -12.060      2.412
   -19.563    -12.060      2.412
   -26.385    -12.060      2.412
   -12.741    -16.883      2.412
   -19.563    -16.883      2.412
   -26.385    -16.883      2.412
   -12.741    -21.707      2.412
   -19.563    -21.707      2.412
   -26.385    -21.707      2.412
   -12.741    -26.531      2.412
   -19.563    -26.531      2.412
   -26.385    -26.531      2.412
   -12.741    -31.355      2.412
   -19.563    -31.355      2.412
   -26.385    -31.355      2.412
   -12.741    -36.179      2.412
   -19.563    -36.179      2.412
   -12.741    -41.002      2.412
   -16.152     38.591     -0.000
   -16.152     33.767     -0.000
   -22.974     33.767     -0.000
   -16.152     28.943     -0.000
   -22.974     28.943     -0.000
   -29.796     28.943     -0.000
   -16.152     24.119     -0.000
   -22.974     24.119     -0.000
   -29.796     24.119     -0.000
   -16.152     19.295     -0.000
   -22.974     19.295     -0.000
   -29.796     19.295     -0.000
   -16.152     14.471     -0.000
   -22.974     14.471     -0.000
   -29.796     14.471     -0.000
   -16.152      9.648     -0.000
   -22.974      9.648     -0.000
   -29.796      9.648     -0.000
   -16.152      4.824     -0.000
   -22.974      4.824     -0.000
   -29.796      4.824     -0.000
   -16.152     -0.000     -0.000
   -22.974     -0.000     -0.000
   -29.796     -0.000     -0.000
   -16.152     -4.824     -0.000
   -22.974     -4.824     -0.000
   -29.796     -4.824     -0.000
   -16.152     -9.648     -0.000
   -22.974     -9.648     -0.000
   -29.796     -9.648     -0.000
   -16.152    -14.471     -0.000
   -22.974    -14.471     -0.000
   -29.796    -14.471     -0.000
   -16.152    -19.295     -0.000
   -22.974    -19.295     -0.000
   -29.796    -19.295     -0.000
   -16.152    -24.119     -0.000
   -22.974    -24.119     -0.000
   -29.796    -24.119     -0.000
   -16.152    -28.943     -0.000
   -22.974    -28.943     -0.000
   -29.796    -28.943     -0.000
   -16.152    -33.767     -0.000
   -22.974    -33.767     -0.000
   -16.152    -38.591     -0.000
   -12.741     41.002     -2.412
   -12.741     36.179     -2.412
   -19.563     36.179     -2.412
   -12.741     31.355     -2.412
   -19.563     31.355     -2.412
   -26.385     31.355     -2.412
   -12.741     26.531     -2.412
   -19.563     26.531     -2.412
   -26.385     26.531     -2.412
   -12.741     21.707     -2.412
   -19.563     21.707     -2.412
   -26.385     21.707     -2.412
   -12.741     16.883     -2.412
   -19.563     16.883     -2.412
   -26.385     16.883     -2.412
   -12.741     12.060     -2.412
   -19.563     12.060     -2.412
   -26.385     12.060     -2.412
   -12.741      7.236     -2.412
   -19.563      7.236     -2.412
   -26.385      7.236     -2.412
   -12.741      2.412     -2.412
   -19.563      2.412     -2.412
   -26.385      2.412     -2.412
   -12.741     -2.412     -2.412
   -19.563     -2.412     -2.412
   -26.385     -2.412     -2.412
   -12.741     -7.236     -2.412
   -19.563     -7.236     -2.412
   -26.385     -7.236     -2.412
   -12.741    -12.060     -2.412
   -19.563    -12.060     -2.412
   -26.385    -12.060     -2.412
   -12.741    -16.883     -2.412
   -19.563    -16.883     -2.412
   -26.385    -16.883     -2.412
   -12.741    -21.707     -2.412
   -19.563    -21.707     -2.412
   -26.385    -21.707     -2.412
   -12.741    -26.531     -2.412
   -19.563    -26.531     -2.412
   -26.385    -26.531     -2.412
   -12.741    -31.355     -2.412
   -19.563    -31.355     -2.412
   -26.385    -31.355     -2.412
   -12.741    -36.179     -2.412
   -19.563    -36.179     -2.412
   -12.741    -41.002     -2.412
   -16.152     38.591     -4.824
   -16.152     33.767     -4.824
   -22.974     33.767     -4.824
   -16.152     28.943     -4.824
   -22.974     28.943     -4.824
   -29.796     28.943     -4.824
   -16.152     24.119     -4.824
   -22.974     24.119     -4.824
   -29.796     24.119     -4.824
   -16.152     19.295     -4.824
   -22.974     19.295     -4.824
   -29.796     19.295     -4.824
   -16.152     14.471     -4.824
   -22.974     14.471     -4.824
   -29.796     14.471     -4.824
   -16.152      9.648     -4.824
   -22.974      9.648     -4.824
   -29.796      9.648     -4.824
   -16.152      4.824     -4.824
   -22.974      4.824     -4.824
   -29.796      4.824     -4.824
   -16.152     -0.000     -4.824
   -22.974     -0.000     -4.824
   -29.796     -0.000     -4.824
   -16.152     -4.824     -4.824
   -22.974     -4.824     -4.824
   -29.796     -4.824     -4.824
   -16.152     -9.648     -4.824
   -22.974     -9.648     -4.824
   -29.796     -9.648     -4.824
   -16.152    -14.471     -4.824
   -22.974    -14.471     -4.824
   -29.796    -14.471     -4.824
   -16.152    -19.295     -4.824
   -22.974    -19.295     -4.824
   -29.796    -19.295     -4.824
   -16.152    -24.119     -4.824
   -22.974    -24.119     -4.824
   -29.796    -24.119     -4.824
   -16.152    -28.943     -4.824
   -22.974    -28.943     -4.824
   -29.796    -28.943     -4.824
   -16.152    -33.767     -4.824
   -22.974    -33.767     -4.824
   -16.152    -38.591     -4.824
   -12.741     41.002     -7.236
   -12.741     36.179     -7.236
   -19.563     36.179     -7.236
   -12.741     31.355     -7.236
   -19.563     31.355     -7.236
   -26.385     31.355     -7.236
   -12.741     26.531     -7.236
   -19.563     26.531     -7.236
   -26.385     26.531     -7.236
   -12.741     21.707     -7.236
   -19.563     21.707     -7.236
   -26.385     21.707     -7.236
   -12.741     16.883     -7.236
   -19.563     16.883     -7.236
   -26.385     16.883     -7.236
   -12.741     12.060     -7.236
   -19.563     12.060     -7.236
   -26.385     12.060     -7.236
   -12.741      7.236     -7.236
   -19.563      7.236     -7.236
   -26.385      7.236     -7.236
   -12.741      2.412     -7.236
   -19.563      2.412     -7.236
   -26.385      2.412     -7.236
   -12.741     -2.412     -7.236
   -19.563     -2.412     -7.236
   -26.385     -2.412     -7.236
   -12.741     -7.236     -7.236
   -19.563     -7.236     -7.236
   -26.385     -7.236     -7.236
   -12.741    -12.060     -7.236
   -19.563    -12.060     -7.236
   -26.385    -12.060     -7.236
   -12.741    -16.883     -7.236
   -19.563    -16.883     -7.236
   -26.385    -16.883     -7.236
   -12.741    -21.707     -7.236
   -19.563    -21.707     -7.236
   -26.385    -21.707     -7.236
   -12.741    -26.531     -7.236
   -19.563    -26.531     -7.236
   -26.385    -26.531     -7.236
   -12.741    -31.355     -7.236
   -19.563    -31.355     -7.236
   -26.385    -31.355     -7.236
   -12.741    -36.179     -7.236
   -19.563    -36.179     -7.236
   -12.741    -41.002     -7.236
   -16.152     38.591     -9.648
   -16.152     33.767     -9.648
   -22.974     33.767     -9.648
   -16.152     28.943     -9.648
   -22.974     28.943     -9.648
   -29.796     28.943     -9.648
   -16.152     24.119     -9.648
   -22.974     24.119     -9.648
   -29.796     24.119     -9.648
   -16.152     19.295     -9.648
   -22.974     19.295     -9.648
   -29.796     19.295     -9.648
   -16.152     14.471     -9.648
   -22.974     14.471     -9.648
   -29.796     14.471     -9.648
   -16.152      9.648     -9.648
   -22.974      9.648     -9.648
   -29.796      9.648     -9.648
   -16.152      4.824     -9.648
   -22.974      4.824     -9.648
   -29.796      4.824     -9.648
   -16.152     -0.000     -9.648
   -22.974     -0.000     -9.648
   -29.796     -0.000     -9.648
   -16.152     -4.824     -9.648
   -22.974     -4.824     -9.648
   -29.796     -4.824     -9.648
   -16.152     -9.648     -9.648
   -22.974     -9.648     -9.648
   -29.796     -9.648     -9.648
   -16.152    -14.471     -9.648
   -22.974    -14.471     -9.648
   -29.796    -14.471     -9.648
   -16.152    -19.295     -9.648
   -22.974    -19.295     -9.648
   -29.796    -19.295     -9.648
   -16.152    -24.119     -9.648
   -22.974    -24.119     -9.648
   -29.796    -24.119     -9.648
   -16.152    -28.943     -9.648
   -22.974    -28.943     -9.648
   -29.796    -28.943     -9.648
   -16.152    -33.767     -9.648
   -22.974    -33.767     -9.648
   -16.152    -38.591     -9.648
   -12.741     41.002    -12.060
   -12.741     36.179    -12.060
   -19.563     36.179    -12.060
   -12.741     31.355    -12.060
   -19.563     31.355    -12.060
   -26.385     31.355    -12.060
   -12.741     26.531    -12.060
   -19.563     26.531    -12.060
   -26.385     26.531    -12.060
   -12.741     21.707    -12.060
   -19.563     21.707    -12.060
   -26.385     21.707    -12.060
   -12.741     16.883    -12.060
   -19.563     16.883    -12.060
   -26.385     16.883    -12.060
   -12.741     12.060    -12.060
   -19.563     12.060    -12.060
   -26.385     12.060    -12.060
   -12.741      7.236    -12.060
   -19.563      7.236    -12.060
   -26.385      7.236    -12.060
   -12.741      2.412    -12.060
   -19.563      2.412    -12.060
   -26.385      2.412    -12.060
   -12.741     -2.412    -12.060
   -19.563     -2.412    -12.060
   -26.385     -2.412    -12.060
   -12.741     -7.236    -12.060
   -19.563     -7.236    -12.060
   -26.385     -7.236    -12.060
   -12.741    -12.060    -12.060
   -19.563    -12.060    -12.060
   -26.385    -12.060    -12.060
   -12.741    -16.883    -12.060
   -19.563    -16.883    -12.060
   -26.385    -16.883    -12.060
   -12.741    -21.707    -12.060
   -19.563    -21.707    -12.060
   -26.385    -21.707    -12.060
   -12.741    -26.531    -12.060
   -19.563    -26.531    -12.060
   -26.385    -26.531    -12.060
   -12.741    -31.355    -12.060
   -19.563    -31.355    -12.060
   -26.385    -31.355    -12.060
   -12.741    -36.179    -12.060
   -19.563    -36.179    -12.060
   -12.741    -41.002    -12.060
   -16.152     38.591    -14.471
   -16.152     33.767    -14.471
   -22.974     33.767    -14.471
   -16.152     28.943    -14.471
   -22.974     28.943    -14.471
   -29.796     28.943    -14.471
   -16.152     24.119    -14.471
   -22.974     24.119    -14.471
   -29.796     24.119    -14.471
   -16.152     19.295    -14.471
   -22.974     19.295    -14.471
   -29.796     19.295    -14.471
   -16.152     14.471    -14.471
   -22.974     14.471    -14.471
   -29.796     14.471    -14.471
   -16.152      9.648    -14.471
   -22.974      9.648    -14.471
   -29.796      9.648    -14.471
   -16.152      4.824    -14.471
   -22.974      4.824    -14.471
   -29.796      4.824    -14.471
   -16.152     -0.000    -14.471
   -22.974     -0.000    -14.471
   -29.796     -0.000    -14.471
   -16.152     -4.824    -14.471
   -22.974     -4.824    -14.471
   -29.796     -4.824    -14.471
   -16.152     -9.648    -14.471
   -22.974     -9.648    -14.471
   -29.796     -9.648    -14.471
   -16.152    -14.471    -14.471
   -22.974    -14.471    -14.471
   -29.796    -14.471    -14.471
   -16.152    -19.295    -14.471
   -22.974    -19.295    -14.471
   -29.796    -19.295    -14.471
   -16.152    -24.119    -14.471
   -22.974    -24.119    -14.471
   -29.796    -24.119    -14.471
   -16.152    -28.943    -14.471
   -22.974    -28.943    -14.471
   -29.796    -28.943    -14.471
   -16.152    -33.767    -14.471
   -22.974    -33.767    -14.471
   -16.152    -38.591    -14.471
   -12.741     41.002    -16.883
   -12.741     36.179    -16.883
   -19.563     36.179    -16.883
   -12.741     31.355    -16.883
   -19.563     31.355    -16.883
   -26.385     31.355    -16.883
   -12.741     26.531    -16.883
   -19.563     26.531    -16.883
   -26.385     26.531    -16.883
   -12.741     21.707    -16.883
   -19.563     21.707    -16.883
   -26.385     21.707    -16.883
   -12.741     16.883    -16.883
   -19.563     16.883    -16.883
   -26.385     16.883    -16.883
   -12.741     12.060    -16.883
   -19.563     12.060    -16.883
   -26.385     12.060    -16.883
   -12.741      7.236    -16.883
   -19.563      7.236    -16.883
   -26.385      7.236    -16.883
   -12.741      2.412    -16.883
   -19.563      2.412    -16.883
   -26.385      2.412    -16.883
   -12.741     -2.412    -16.883
   -19.563     -2.412    -16.883
   -26.385     -2.412    -16.883
   -12.741     -7.236    -16.883
   -19.563     -7.236    -16.883
   -26.385     -7.236    -16.883
   -12.741    -12.060    -16.883
   -19.563    -12.060    -16.883
   -26.385    -12.060    -16.883
   -12.741    -16.883    -16.883
   -19.563    -16.883    -16.883
   -26.385    -16.883    -16.883
   -12.741    -21.707    -16.883
   -19.563    -21.707    -16.883
   -26.385    -21.707    -16.883
   -12.741    -26.531    -16.883
   -19.563    -26.531    -16.883
   -26.385    -26.531    -16.883
   -12.741    -31.355    -16.883
   -19.563    -31.355    -16.883
   -26.385    -31.355    -16.883
   -12.741    -36.179    -16.883
   -19.563    -36.179    -16.883
   -12.741    -41.002    -16.883
   -16.152     38.591    -19.295
   -16.152     33.767    -19.295
   -22.974     33.767    -19.295
   -16.152     28.943    -19.295
   -22.974     28.943    -19.295
   -29.796     28.943    -19.295
   -16.152     24.119    -19.295
   -22.974     24.119    -19.295
   -29.796     24.119    -19.295
   -16.152     19.295    -19.295
   -22.974     19.295    -19.295
   -29.796     19.295    -19.295
   -16.152     14.471    -19.295
   -22.974     14.471    -19.295
   -29.796     14.471    -19.295
   -16.152      9.648    -19.295
   -22.974      9.648    -19.295
   -29.796      9.648    -19.295
   -16.152      4.824    -19.295
   -22.974      4.824    -19.295
   -29.796      4.824    -19.295
   -16.152     -0.000    -19.295
   -22.974     -0.000    -19.295
   -29.796     -0.000    -19.295
   -16.152     -4.824    -19.295
   -22.974     -4.824    -19.295
   -29.796     -4.824    -19.295
   -16.152     -9.648    -19.295
   -22.974     -9.648    -19.295
   -29.796     -9.648    -19.295
   -16.152    -14.471    -19.295
   -22.974    -14.471    -19.295
   -29.796    -14.471    -19.295
   -16.152    -19.295    -19.295
   -22.974    -19.295    -19.295
   -29.796    -19.295    -19.295
   -16.152    -24.119    -19.295
   -22.974    -24.119    -19.295
   -29.796    -24.119    -19.295
   -16.152    -28.943    -19.295
   -22.974    -28.943    -19.295
   -29.796    -28.943    -19.295
   -16.152    -33.767    -19.295
   -22.974    -33.767    -19.295
   -16.152    -38.591    -19.295
   -12.741     41.002    -21.707
   -12.741     36.179    -21.707
   -19.563     36.179    -21.707
   -12.741     31.355    -21.707
   -19.563     31.355    -21.707
   -26.385     31.355    -21.707
   -12.741     26.531    -21.707
   -19.563     26.531    -21.707
   -26.385     26.531    -21.707
   -12.741     21.707    -21.707
   -19.563     21.707    -21.707
   -26.385     21.707    -21.707
   -12.741     16.883    -21.707
   -19.563     16.883    -21.707
   -26.385     16.883    -21.707
   -12.741     12.060    -21.707
   -19.563     12.060    -21.707
   -26.385     12.060    -21.707
   -12.741      7.236    -21.707
   -19.563      7.236    -21.707
   -26.385      7.236    -21.707
   -12.741      2.412    -21.707
   -19.563      2.412    -21.707
   -26.385      2.412    -21.707
   -12.741     -2.412    -21.707
   -19.563     -2.412    -21.707
   -26.385     -2.412    -21.707
   -12.741     -7.236    -21.707
   -19.563     -7.236    -21.707
   -26.385     -7.236    -21.707
   -12.741    -12.060    -21.707
   -19.563    -12.060    -21.707
   -26.385    -12.060    -21.707
   -12.741    -16.883    -21.707
   -19.563    -16.883    -21.707
   -26.385    -16.883    -21.707
   -12.741    -21.707    -21.707
   -19.563    -21.707    -21.707
   -26.385    -21.707    -21.707
   -12.741    -26.531    -21.707
   -19.563    -26.531    -21.707
   -26.385    -26.531    -21.707
   -12.741    -31.355    -21.707
   -19.563    -31.355    -21.707
   -26.385    -31.355    -21.707
   -12.741    -36.179    -21.707
   -19.563    -36.179    -21.707
   -12.741    -41.002    -21.707
   -16.152     38.591    -24.119
   -16.152     33.767    -24.119
   -22.974     33.767    -24.119
   -16.152     28.943    -24.119
   -22.974     28.943    -24.119
   -29.796     28.943    -24.119
   -16.152     24.119    -24.119
   -22.974     24.119    -24.119
   -29.796     24.119    -24.119
   -16.152     19.295    -24.119
   -22.974     19.295    -24.119
   -29.796     19.295    -24.119
   -16.152     14.471    -24.119
   -22.974     14.471    -24.119
   -29.796     14.471    -24.119
   -16.152      9.648    -24.119
   -22.974      9.648    -24.119
   -29.796      9.648    -24.119
   -16.152      4.824    -24.119
   -22.974      4.824    -24.119
   -29.796      4.824    -24.119
   -16.152     -0.000    -24.119
   -22.974     -0.000    -24.119
   -29.796     -0.000    -24.119
   -16.152     -4.824    -24.119
   -22.974     -4.824    -24.119
   -29.796     -4.824    -24.119
   -16.152     -9.648    -24.119
   -22.974     -9.648    -24.119
   -29.796     -9.648    -24.119
   -16.152    -14.471    -24.119
   -22.974    -14.471    -24.119
   -29.796    -14.471    -24.119
   -16.152    -19.295    -24.119
   -22.974    -19.295    -24.119
   -29.796    -19.295    -24.119
   -16.152    -24.119    -24.119
   -22.974    -24.119    -24.119
   -29.796    -24.119    -24.119
   -16.152    -28.943    -24.119
   -22.974    -28.943    -24.119
   -29.796    -28.943    -24.119
   -16.152    -33.767    -24.119
   -22.974    -33.767    -24.119
   -16.152    -38.591    -24.119
   -12.741     41.002    -26.531
   -12.741     36.179    -26.531
   -19.563     36.179    -26.531
   -12.741     31.355    -26.531
   -19.563     31.355    -26.531
   -26.385     31.355    -26.531
   -12.741     26.531    -26.531
   -19.563     26.531    -26.531
   -26.385     26.531    -26.531
   -12.741     21.707    -26.531
   -19.563     21.707    -26.531
   -26.385     21.707    -26.531
   -12.741     16.883    -26.531
   -19.563     16.883    -26.531
   -26.385     16.883    -26.531
   -12.741     12.060    -26.531
   -19.563     12.060    -26.531
   -26.385     12.060    -26.531
   -12.741      7.236    -26.531
   -19.563      7.236    -26.531
   -26.385      7.236    -26.531
   -12.741      2.412    -26.531
   -19.563      2.412    -26.531
   -26.385      2.412    -26.531
   -12.741     -2.412    -26.531
   -19.563     -2.412    -26.531
   -26.385     -2.412    -26.531
   -12.741     -7.236    -26.531
   -19.563     -7.236    -26.531
   -26.385     -7.236    -26.531
   -12.741    -12.060    -26.531
   -19.563    -12.060    -26.531
   -26.385    -12.060    -26.531
   -12.741    -16.883    -26.531
   -19.563    -16.883    -26.531
   -26.385    -16.883    -26.531
   -12.741    -21.707    -26.531
   -19.563    -21.707    -26.531
   -26.385    -21.707    -26.531
   -12.741    -26.531    -26.531
   -19.563    -26.531    -26.531
   -26.385    -26.531    -26.531
   -12.741    -31.355    -26.531
   -19.563    -31.355    -26.531
   -26.385    -31.355    -26.531
   -12.741    -36.179    -26.531
   -19.563    -36.179    -26.531
   -12.741    -41.002    -26.531
   -16.152     38.591    -28.943
   -16.152     33.767    -28.943
   -22.974     33.767    -28.943
   -16.152     28.943    -28.943
   -22.974     28.943    -28.943
   -29.796     28.943    -28.943
   -16.152     24.119    -28.943
   -22.974     24.119    -28.943
   -29.796     24.119    -28.943
   -16.152     19.295    -28.943
   -22.974     19.295    -28.943
   -29.796     19.295    -28.943
   -16.152     14.471    -28.943
   -22.974     14.471    -28.943
   -29.796     14.471    -28.943
   -16.152      9.648    -28.943
   -22.974      9.648    -28.943
   -29.796      9.648    -28.943
   -16.152      4.824    -28.943
   -22.974      4.824    -28.943
   -29.796      4.824    -28.943
   -16.152     -0.000    -28.943
   -22.974     -0.000    -28.943
   -29.796     -0.000    -28.943
   -16.152     -4.824    -28.943
   -22.974     -4.824    -28.943
   -29.796     -4.824    -28.943
   -16.152     -9.648    -28.943
   -22.974     -9.648    -28.943
   -29.796     -9.648    -28.943
   -16.152    -14.471    -28.943
   -22.974    -14.471    -28.943
   -29.796    -14.471    -28.943
   -16.152    -19.295    -28.943
   -22.974    -19.295    -28.943
   -29.796    -19.295    -28.943
   -16.152    -24.119    -28.943
   -22.974    -24.119    -28.943
   -29.796    -24.119    -28.943
   -16.152    -28.943    -28.943
   -22.974    -28.943    -28.943
   -29.796    -28.943    -28.943
   -16.152    -33.767    -28.943
   -22.974    -33.767    -28.943
   -16.152    -38.591    -28.943
   -12.741     41.002    -31.355
   -12.741     36.179    -31.355
   -19.563     36.179    -31.355
   -12.741     31.355    -31.355
   -19.563     31.355    -31.355
   -26.385     31.355    -31.355
   -12.741     26.531    -31.355
   -19.563     26.531    -31.355
   -26.385     26.531    -31.355
   -12.741     21.707    -31.355
   -19.563     21.707    -31.355
   -26.385     21.707    -31.355
   -12.741     16.883    -31.355
   -19.563     16.883    -31.355
   -26.385     16.883    -31.355
   -12.741     12.060    -31.355
   -19.563     12.060    -31.355
   -26.385     12.060    -31.355
   -12.741      7.236    -31.355
   -19.563      7.236    -31.355
   -26.385      7.236    -31.355
   -12.741      2.412    -31.355
   -19.563      2.412    -31.355
   -26.385      2.412    -31.355
   -12.741     -2.412    -31.355
   -19.563     -2.412    -31.355
   -26.385     -2.412    -31.355
   -12.741     -7.236    -31.355
   -19.563     -7.236    -31.355
   -26.385     -7.236    -31.355
   -12.741    -12.060    -31.355
   -19.563    -12.060    -31.355
   -26.385    -12.060    -31.355
   -12.741    -16.883    -31.355
   -19.563    -16.883    -31.355
   -26.385    -16.883    -31.355
   -12.741    -21.707    -31.355
   -19.563    -21.707    -31.355
   -26.385    -21.707    -31.355
   -12.741    -26.531    -31.355
   -19.563    -26.531    -31.355
   -26.385    -26.531    -31.355
   -12.741    -31.355    -31.355
   -19.563    -31.355    -31.355
   -26.385    -31.355    -31.355
   -12.741    -36.179    -31.355
   -19.563    -36.179    -31.355
   -12.741    -41.002    -31.355
   -16.152     38.591    -33.767
   -16.152     33.767    -33.767
   -22.974     33.767    -33.767
   -16.152     28.943    -33.767
   -22.974     28.943    -33.767
   -16.152     24.119    -33.767
   -22.974     24.119    -33.767
   -16.152     19.295    -33.767
   -22.974     19.295    -33.767
   -16.152     14.471    -33.767
   -22.974     14.471    -33.767
   -16.152      9.648    -33.767
   -22.974      9.648    -33.767
   -16.152      4.824    -33.767
   -22.974      4.824    -33.767
   -16.152     -0.000    -33.767
   -22.974     -0.000    -33.767
   -16.152     -4.824    -33.767
   -22.974     -4.824    -33.767
   -16.152     -9.648    -33.767
   -22.974     -9.648    -33.767
   -16.152    -14.471    -33.767
   -22.974    -14.471    -33.767
   -16.152    -19.295    -33.767
   -22.974    -19.295    -33.767
   -16.152    -24.119    -33.767
   -22.974    -24.119    -33.767
   -16.152    -28.943    -33.767
   -22.974    -28.943    -33.767
   -16.152    -33.767    -33.767
   -22.974    -33.767    -33.767
   -16.152    -38.591    -33.767
   -12.741     41.002    -36.179
   -12.741     36.179    -36.179
   -19.563     36.179    -36.179
   -12.741     31.355    -36.179
   -19.563     31.355    -36.179
   -12.741     26.531    -36.179
   -19.563     26.531    -36.179
   -12.741     21.707    -36.179
   -19.563     21.707    -36.179
   -12.741     16.883    -36.179
   -19.563     16.883    -36.179
   -12.741     12.060    -36.179
   -19.563     12.060    -36.179
   -12.741      7.236    -36.179
   -19.563      7.236    -36.179
   -12.741      2.412    -36.179
   -19.563      2.412    -36.179
   -12.741     -2.412    -36.179
   -19.563     -2.412    -36.179
   -12.741     -7.236    -36.179
   -19.563     -7.236    -36.179
   -12.741    -12.060    -36.179
   -19.563    -12.060    -36.179
   -12.741    -16.883    -36.179
   -19.563    -16.883    -36.179
   -12.741    -21.707    -36.179
   -19.563    -21.707    -36.179
   -12.741    -26.531    -36.179
   -19.563    -26.531    -36.179
   -12.741    -31.355    -36.179
   -19.563    -31.355    -36.179
   -12.741    -36.179    -36.179
   -19.563    -36.179    -36.179
   -12.741    -41.002    -36.179
   -16.152     38.591    -38.591
   -16.152     33.767    -38.591
   -16.152     28.943    -38.591
   -16.152     24.119    -38.591
   -16.152     19.295    -38.591
   -16.152     14.471    -38.591
   -16.152      9.648    -38.591
   -16.152      4.824    -38.591
   -16.152     -0.000    -38.591
   -16.152     -4.824    -38.591
   -16.152     -9.648    -38.591
   -16.152    -14.471    -38.591
   -16.152    -19.295    -38.591
   -16.152    -24.119    -38.591
   -16.152    -28.943    -38.591
   -16.152    -33.767    -38.591
   -16.152    -38.591    -38.591
   -12.741     41.002    -41.002
   -12.741     36.179    -41.002
   -12.741     31.355    -41.002
   -12.741     26.531    -41.002
   -12.741     21.707    -41.002
   -12.741     16.883    -41.002
   -12.741     12.060    -41.002
   -12.741      7.236    -41.002
   -12.741      2.412    -41.002
   -12.741     -2.412    -41.002
   -12.741     -7.236    -41.002
   -12.741    -12.060    -41.002
   -12.741    -16.883    -41.002
   -12.741    -21.707    -41.002
   -12.741    -26.531    -41.002
   -12.741    -31.355    -41.002
   -12.741    -36.179    -41.002
   -12.741    -41.002    -41.002
    12.741    -41.002    -41.002
    12.741    -36.179    -41.002
    12.741    -31.355    -41.002
    12.741    -26.531    -41.002
    12.741    -21.707    -41.002
    12.741    -16.883    -41.002
    12.741    -12.060    -41.002
    12.741     -7.236    -41.002
    12.741     -2.412    -41.002
    12.741      2.412    -41.002
    12.741      7.236    -41.002
    12.741     12.060    -41.002
    12.741     16.883    -41.002
    12.741     21.707    -41.002
    12.741     26.531    -41.002
    12.741     31.355    -41.002
    12.741     36.179    -41.002
    12.741     41.002    -41.002
    16.152    -38.591    -38.591
    16.152    -33.767    -38.591
    16.152    -28.943    -38.591
    16.152    -24.119    -38.591
    16.152    -19.295    -38.591
    16.152    -14.471    -38.591
    16.152     -9.648    -38.591
    16.152     -4.824    -38.591
    16.152      0.000    -38.591
    16.152      4.824    -38.591
    16.152      9.648    -38.591
    16.152     14.471    -38.591
    16.152     19.295    -38.591
    16.152     24.119    -38.591
    16.152     28.943    -38.591
    16.152     33.767    -38.591
    16.152     38.591    -38.591
    12.741    -41.002    -36.179
    12.741    -36.179    -36.179
    19.563    -36.179    -36.179
    12.741    -31.355    -36.179
    19.563    -31.355    -36.179
    12.741    -26.531    -36.179
    19.563    -26.531    -36.179
    12.741    -21.707    -36.179
    19.563    -21.707    -36.179
    12.741    -16.883    -36.179
    19.563    -16.883    -36.179
    12.741    -12.060    -36.179
    19.563    -12.060    -36.179
    12.741     -7.236    -36.179
    19.563     -7.236    -36.179
    12.741     -2.412    -36.179
    19.563     -2.412    -36.179
    12.741      2.412    -36.179
    19.563      2.412    -36.179
    12.741      7.236    -36.179
    19.563      7.236    -36.179
    12.741     12.060    -36.179
    19.563     12.060    -36.179
    12.741     16.883    -36.179
    19.563     16.883    -36.179
    12.741     21.707    -36.179
    19.563     21.707    -36.179
    12.741     26.531    -36.179
    19.563     26.531    -36.179
    12.741     31.355    -36.179
    19.563     31.355    -36.179
    12.741     36.179    -36.179
    19.563     36.179    -36.179
    12.741     41.002    -36.179
    16.152    -38.591    -33.767
    16.152    -33.767    -33.767
    22.974    -33.767    -33.767
    16.152    -28.943    -33.767
    22.974    -28.943    -33.767
    16.152    -24.119    -33.767
    22.974    -24.119    -33.767
    16.152    -19.295    -33.767
    22.974    -19.295    -33.767
    16.152    -14.471    -33.767
    22.974    -14.471    -33.767
    16.152     -9.648    -33.767
    22.974     -9.648    -33.767
    16.152     -4.824    -33.767
    22.974     -4.824    -33.767
    16.152      0.000    -33.767
    22.974      0.000    -33.767
    16.152      4.824    -33.767
    22.974      4.824    -33.767
    16.152      9.648    -33.767
    22.974      9.648    -33.767
    16.152     14.471    -33.767
    22.974     14.471    -33.767
    16.152     19.295    -33.767
    22.974     19.295    -33.767
    16.152     24.119    -33.767
    22.974     24.119    -33.767
    16.152     28.943    -33.767
    22.974     28.943    -33.767
    16.152     33.767    -33.767
    22.974     33.767    -33.767
    16.152     38.591    -33.767
    12.741    -41.002    -31.355
    12.741    -36.179    -31.355
    19.563    -36.179    -31.355
    12.741    -31.355    -31.355
    19.563    -31.355    -31.355
    26.385    -31.355    -31.355
    12.741    -26.531    -31.355
    19.563    -26.531    -31.355
    26.385    -26.531    -31.355
    12.741    -21.707    -31.355
    19.563    -21.707    -31.355
    26.385    -21.707    -31.355
    12.741    -16.883    -31.355
    19.563    -16.883    -31.355
    26.385    -16.883    -31.355
    12.741    -12.060    -31.355
    19.563    -12.060    -31.355
    26.385    -12.060    -31.355
    12.741     -7.236    -31.355
    19.563     -7.236    -31.355
    26.385     -7.236    -31.355
    12.741     -2.412    -31.355
    19.563     -2.412    -31.355
    26.385     -2.412    -31.355
    12.741      2.412    -31.355
    19.563      2.412    -31.355
    26.385      2.412    -31.355
    12.741      7.236    -31.355
    19.563      7.236    -31.355
    26.385      7.236    -31.355
    12.741     12.060    -31.355
    19.563     12.060    -31.355
    26.385     12.060    -31.355
    12.741     16.883    -31.355
    19.563     16.883    -31.355
    26.385     16.883    -31.355
    12.741     21.707    -31.355
    19.563     21.707    -31.355
    26.385     21.707    -31.355
    12.741     26.531    -31.355
    19.563     26.531    -31.355
    26.385     26.531    -31.355
    12.741     31.355    -31.355
    19.563     31.355    -31.355
    26.385     31.355    -31.355
    12.741     36.179    -31.355
    19.563     36.179    -31.355
    12.741     41.002    -31.355
    16.152    -38.591    -28.943
    16.152    -33.767    -28.943
    22.974    -33.767    -28.943
    16.152    -28.943    -28.943
    22.974    -28.943    -28.943
    29.796    -28.943    -28.943
    16.152    -24.119    -28.943
    22.974    -24.119    -28.943
    29.796    -24.119    -28.943
    16.152    -19.295    -28.943
    22.974    -19.295    -28.943
    29.796    -19.295    -28.943
    16.152    -14.471    -28.943
    22.974    -14.471    -28.943
    29.796    -14.471    -28.943
    16.152     -9.648    -28.943
    22.974     -9.648    -28.943
    29.796     -9.648    -28.943
    16.152     -4.824    -28.943
    22.974     -4.824    -28.943
    29.796     -4.824    -28.943
    16.152      0.000    -28.943
    22.974      0.000    -28.943
    29.796      0.000    -28.943
    16.152      4.824    -28.943
    22.974      4.824    -28.943
    29.796      4.824    -28.943
    16.152      9.648    -28.943
    22.974      9.648    -28.943
    29.796      9.648    -28.943
    16.152     14.471    -28.943
    22.974     14.471    -28.943
    29.796     14.471    -28.943
    16.152     19.295    -28.943
    22.974     19.295    -28.943
    29.796     19.295    -28.943
    16.152     24.119    -28.943
    22.974     24.119    -28.943
    29.796     24.119    -28.943
    16.152     28.943    -28.943
    22.974     28.943    -28.943
    29.796     28.943    -28.943
    16.152     33.767    -28.943
    22.974     33.767    -28.943
    16.152     38.591    -28.943
    12.741    -41.002    -26.531
    12.741    -36.179    -26.531
    19.563    -36.179    -26.531
    12.741    -31.355    -26.531
    19.563    -31.355    -26.531
    26.385    -31.355    -26.531
    12.741    -26.531    -26.531
    19.563    -26.531    -26.531
    26.385    -26.531    -26.531
    12.741    -21.707    -26.531
    19.563    -21.707    -26.531
    26.385    -21.707    -26.531
    12.741    -16.883    -26.531
    19.563    -16.883    -26.531
    26.385    -16.883    -26.531
    12.741    -12.060    -26.531
    19.563    -12.060    -26.531
    26.385    -12.060    -26.531
    12.741     -7.236    -26.531
    19.563     -7.236    -26.531
    26.385     -7.236    -26.531
    12.741     -2.412    -26.531
    19.563     -2.412    -26.531
    26.385     -2.412    -26.531
    12.741      2.412    -26.531
    19.563      2.412    -26.531
    26.385      2.412    -26.531
    12.741      7.236    -26.531
    19.563      7.236    -26.531
    26.385      7.236    -26.531
    12.741     12.060    -26.531
    19.563     12.060    -26.531
    26.385     12.060    -26.531
    12.741     16.883    -26.531
    19.563     16.883    -26.531
    26.385     16.883    -26.531
    12.741     21.707    -26.531
    19.563     21.707    -26.531
    26.385     21.707    -26.531
    12.741     26.531    -26.531
    19.563     26.531    -26.531
    26.385     26.531    -26.531
    12.741     31.355    -26.531
    19.563     31.355    -26.531
    26.385     31.355    -26.531
    12.741     36.179    -26.531
    19.563     36.179    -26.531
    12.741     41.002    -26.531
    16.152    -38.591    -24.119
    16.152    -33.767    -24.119
    22.974    -33.767    -24.119
    16.152    -28.943    -24.119
    22.974    -28.943    -24.119
    29.796    -28.943    -24.119
    16.152    -24.119    -24.119
    22.974    -24.119    -24.119
    29.796    -24.119    -24.119
    16.152    -19.295    -24.119
    22.974    -19.295    -24.119
    29.796    -19.295    -24.119
    16.152    -14.471    -24.119
    22.974    -14.471    -24.119
    29.796    -14.471    -24.119
    16.152     -9.648    -24.119
    22.974     -9.648    -24.119
    29.796     -9.648    -24.119
    16.152     -4.824    -24.119
    22.974     -4.824    -24.119
    29.796     -4.824    -24.119
    16.152      0.000    -24.119
    22.974      0.000    -24.119
    29.796      0.000    -24.119
    16.152      4.824    -24.119
    22.974      4.824    -24.119
    29.796      4.824    -24.119
    16.152      9.648    -24.119
    22.974      9.648    -24.119
    29.796      9.648    -24.119
    16.152     14.471    -24.119
    22.974     14.471    -24.119
    29.796     14.471    -24.119
    16.152     19.295    -24.119
    22.974     19.295    -24.119
    29.796     19.295    -24.119
    16.152     24.119    -24.119
    22.974     24.119    -24.119
    29.796     24.119    -24.119
    16.152     28.943    -24.119
    22.974     28.943    -24.119
    29.796     28.943    -24.119
    16.152     33.767    -24.119
    22.974     33.767    -24.119
    16.152     38.591    -24.119
    12.741    -41.002    -21.707
    12.741    -36.179    -21.707
    19.563    -36.179    -21.707
    12.741    -31.355    -21.707
    19.563    -31.355    -21.707
    26.385    -31.355    -21.707
    12.741    -26.531    -21.707
    19.563    -26.531    -21.707
    26.385    -26.531    -21.707
    12.741    -21.707    -21.707
    19.563    -21.707    -21.707
    26.385    -21.707    -21.707
    12.741    -16.883    -21.707
    19.563    -16.883    -21.707
    26.385    -16.883    -21.707
    12.741    -12.060    -21.707
    19.563    -12.060    -21.707
    26.385    -12.060    -21.707
    12.741     -7.236    -21.707
    19.563     -7.236    -21.707
    26.385     -7.236    -21.707
    12.741     -2.412    -21.707
    19.563     -2.412    -21.707
    26.385     -2.412    -21.707
    12.741      2.412    -21.707
    19.563      2.412    -21.707
    26.385      2.412    -21.707
    12.741      7.236    -21.707
    19.563      7.236    -21.707
    26.385      7.236    -21.707
    12.741     12.060    -21.707
    19.563     12.060    -21.707
    26.385     12.060    -21.707
    12.741     16.883    -21.707
    19.563     16.883    -21.707
    26.385     16.883    -21.707
    12.741     21.707    -21.707
    19.563     21.707    -21.707
    26.385     21.707    -21.707
    12.741     26.531    -21.707
    19.563     26.531    -21.707
    26.385     26.531    -21.707
    12.741     31.355    -21.707
    19.563     31.355    -21.707
    26.385     31.355    -21.707
    12.741     36.179    -21.707
    19.563     36.179    -21.707
    12.741     41.002    -21.707
    16.152    -38.591    -19.295
    16.152    -33.767    -19.295
    22.974    -33.767    -19.295
    16.152    -28.943    -19.295
    22.974    -28.943    -19.295
    29.796    -28.943    -19.295
    16.152    -24.119    -19.295
    22.974    -24.119    -19.295
    29.796    -24.119    -19.295
    16.152    -19.295    -19.295
    22.974    -19.295    -19.295
    29.796    -19.295    -19.295
    16.152    -14.471    -19.295
    22.974    -14.471    -19.295
    29.796    -14.471    -19.295
    16.152     -9.648    -19.295
    22.974     -9.648    -19.295
    29.796     -9.648    -19.295
    16.152     -4.824    -19.295
    22.974     -4.824    -19.295
    29.796     -4.824    -19.295
    16.152      0.000    -19.295
    22.974      0.000    -19.295
    29.796      0.000    -19.295
    16.152      4.824    -19.295
    22.974      4.824    -19.295
    29.796      4.824    -19.295
    16.152      9.648    -19.295
    22.974      9.648    -19.295
    29.796      9.648    -19.295
    16.152     14.471    -19.295
    22.974     14.471    -19.295
    29.796     14.471    -19.295
    16.152     19.295    -19.295
    22.974     19.295    -19.295
    29.796     19.295    -19.295
    16.152     24.119    -19.295
    22.974     24.119    -19.295
    29.796     24.119    -19.295
    16.152     28.943    -19.295
    22.974     28.943    -19.295
    29.796     28.943    -19.295
    16.152     33.767    -19.295
    22.974     33.767    -19.295
    16.152     38.591    -19.295
    12.741    -41.002    -16.883
    12.741    -36.179    -16.883
    19.563    -36.179    -16.883
    12.741    -31.355    -16.883
    19.563    -31.355    -16.883
    26.385    -31.355    -16.883
    12.741    -26.531    -16.883
    19.563    -26.531    -16.883
    26.385    -26.531    -16.883
    12.741    -21.707    -16.883
    19.563    -21.707    -16.883
    26.385    -21.707    -16.883
    12.741    -16.883    -16.883
    19.563    -16.883    -16.883
    26.385    -16.883    -16.883
    12.741    -12.060    -16.883
    19.563    -12.060    -16.883
    26.385    -12.060    -16.883
    12.741     -7.236    -16.883
    19.563     -7.236    -16.883
    26.385     -7.236    -16.883
    12.741     -2.412    -16.883
    19.563     -2.412    -16.883
    26.385     -2.412    -16.883
    12.741      2.412    -16.883
    19.563      2.412    -16.883
    26.385      2.412    -16.883
    12.741      7.236    -16.883
    19.563      7.236    -16.883
    26.385      7.236    -16.883
    12.741     12.060    -16.883
    19.563     12.060    -16.883
    26.385     12.060    -16.883
    12.741     16.883    -16.883
    19.563     16.883    -16.883
    26.385     16.883    -16.883
    12.741     21.707    -16.883
    19.563     21.707    -16.883
    26.385     21.707    -16.883
    12.741     26.531    -16.883
    19.563     26.531    -16.883
    26.385     26.531    -16.883
    12.741     31.355    -16.883
    19.563     31.355    -16.883
    26.385     31.355    -16.883
    12.741     36.179    -16.883
    19.563     36.179    -16.883
    12.741     41.002    -16.883
    16.152    -38.591    -14.471
    16.152    -33.767    -14.471
    22.974    -33.767    -14.471
    16.152    -28.943    -14.471
    22.974    -28.943    -14.471
    29.796    -28.943    -14.471
    16.152    -24.119    -14.471
    22.974    -24.119    -14.471
    29.796    -24.119    -14.471
    16.152    -19.295    -14.471
    22.974    -19.295    -14.471
    29.796    -19.295    -14.471
    16.152    -14.471    -14.471
    22.974    -14.471    -14.471
    29.796    -14.471    -14.471
    16.152     -9.648    -14.471
    22.974     -9.648    -14.471
    29.796     -9.648    -14.471
    16.152     -4.824    -14.471
    22.974     -4.824    -14.471
    29.796     -4.824    -14.471
    16.152      0.000    -14.471
    22.974      0.000    -14.471
    29.796      0.000    -14.471
    16.152      4.824    -14.471
    22.974      4.824    -14.471
    29.796      4.824    -14.471
    16.152      9.648    -14.471
    22.974      9.648    -14.471
    29.796      9.648    -14.471
    16.152     14.471    -14.471
    22.974     14.471    -14.471
    29.796     14.471    -14.471
    16.152     19.295    -14.471
    22.974     19.295    -14.471
    29.796     19.295    -14.471
    16.152     24.119    -14.471
    22.974     24.119    -14.471
    29.796     24.119    -14.471
    16.152     28.943    -14.471
    22.974     28.943    -14.471
    29.796     28.943    -14.471
    16.152     33.767    -14.471
    22.974     33.767    -14.471
    16.152     38.591    -14.471
    12.741    -41.002    -12.060
    12.741    -36.179    -12.060
    19.563    -36.179    -12.060
    12.741    -31.355    -12.060
    19.563    -31.355    -12.060
    26.385    -31.355    -12.060
    12.741    -26.531    -12.060
    19.563    -26.531    -12.060
    26.385    -26.531    -12.060
    12.741    -21.707    -12.060
    19.563    -21.707    -12.060
    26.385    -21.707    -12.060
    12.741    -16.883    -12.060
    19.563    -16.883    -12.060
    26.385    -16.883    -12.060
    12.741    -12.060    -12.060
    19.563    -12.060    -12.060
    26.385    -12.060    -12.060
    12.741     -7.236    -12.060
    19.563     -7.236    -12.060
    26.385     -7.236    -12.060
    12.741     -2.412    -12.060
    19.563     -2.412    -12.060
    26.385     -2.412    -12.060
    12.741      2.412    -12.060
    19.563      2.412    -12.060
    26.385      2.412    -12.060
    12.741      7.236    -12.060
    19.563      7.236    -12.060
    26.385      7.236    -12.060
    12.741     12.060    -12.060
    19.563     12.060    -12.060
    26.385     12.060    -12.060
    12.741     16.883    -12.060
    19.563     16.883    -12.060
    26.385     16.883    -12.060
    12.741     21.707    -12.060
    19.563     21.707    -12.060
    26.385     21.707    -12.060
    12.741     26.531    -12.060
    19.563     26.531    -12.060
    26.385     26.531    -12.060
    12.741     31.355    -12.060
    19.563     31.355    -12.060
    26.385     31.355    -12.060
    12.741     36.179    -12.060
    19.563     36.179    -12.060
    12.741     41.002    -12.060
    16.152    -38.591     -9.648
    16.152    -33.767     -9.648
    22.974    -33.767     -9.648
    16.152    -28.943     -9.648
    22.974    -28.943     -9.648
    29.796    -28.943     -9.648
    16.152    -24.119     -9.648
    22.974    -24.119     -9.648
    29.796    -24.119     -9.648
    16.152    -19.295     -9.648
    22.974    -19.295     -9.648
    29.796    -19.295     -9.648
    16.152    -14.471     -9.648
    22.974    -14.471     -9.648
    29.796    -14.471     -9.648
    16.152     -9.648     -9.648
    22.974     -9.648     -9.648
    29.796     -9.648     -9.648
    16.152     -4.824     -9.648
    22.974     -4.824     -9.648
    29.796     -4.824     -9.648
    16.152      0.000     -9.648
    22.974      0.000     -9.648
    29.796      0.000     -9.648
    16.152      4.824     -9.648
    22.974      4.824     -9.648
    29.796      4.824     -9.648
    16.152      9.648     -9.648
    22.974      9.648     -9.648
    29.796      9.648     -9.648
    16.152     14.471     -9.648
    22.974     14.471     -9.648
    29.796     14.471     -9.648
    16.152     19.295     -9.648
    22.974     19.295     -9.648
    29.796     19.295     -9.648
    16.152     24.119     -9.648
    22.974     24.119     -9.648
    29.796     24.119     -9.648
    16.152     28.943     -9.648
    22.974     28.943     -9.648
    29.796     28.943     -9.648
    16.152     33.767     -9.648
    22.974     33.767     -9.648
    16.152     38.591     -9.648
    12.741    -41.002     -7.236
    12.741    -36.179     -7.236
    19.563    -36.179     -7.236
    12.741    -31.355     -7.236
    19.563    -31.355     -7.236
    26.385    -31.355     -7.236
    12.741    -26.531     -7.236
    19.563    -26.531     -7.236
    26.385    -26.531     -7.236
    12.741    -21.707     -7.236
    19.563    -21.707     -7.236
    26.385    -21.707     -7.236
    12.741    -16.883     -7.236
    19.563    -16.883     -7.236
    26.385    -16.883     -7.236
    12.741    -12.060     -7.236
    19.563    -12.060     -7.236
    26.385    -12.060     -7.236
    12.741     -7.236     -7.236
    19.563     -7.236     -7.236
    26.385     -7.236     -7.236
    12.741     -2.412     -7.236
    19.563     -2.412     -7.236
    26.385     -2.412     -7.236
    12.741      2.412     -7.236
    19.563      2.412     -7.236
    26.385      2.412     -7.236
    12.741      7.236     -7.236
    19.563      7.236     -7.236
    26.385      7.236     -7.236
    12.741     12.060     -7.236
    19.563     12.060     -7.236
    26.385     12.060     -7.236
    12.741     16.883     -7.236
    19.563     16.883     -7.236
    26.385     16.883     -7.236
    12.741     21.707     -7.236
    19.563     21.707     -7.236
    26.385     21.707     -7.236
    12.741     26.531     -7.236
    19.563     26.531     -7.236
    26.385     26.531     -7.236
    12.741     31.355     -7.236
    19.563     31.355     -7.236
    26.385     31.355     -7.236
    12.741     36.179     -7.236
    19.563     36.179     -7.236
    12.741     41.002     -7.236
    16.152    -38.591     -4.824
    16.152    -33.767     -4.824
    22.974    -33.767     -4.824
    16.152    -28.943     -4.824
    22.974    -28.943     -4.824
    29.796    -28.943     -4.824
    16.152    -24.119     -4.824
    22.974    -24.119     -4.824
    29.796    -24.119     -4.824
    16.152    -19.295     -4.824
    22.974    -19.295     -4.824
    29.796    -19.295     -4.824
    16.152    -14.471     -4.824
    22.974    -14.471     -4.824
    29.796    -14.471     -4.824
    16.152     -9.648     -4.824
    22.974     -9.648     -4.824
    29.796     -9.648     -4.824
    16.152     -4.824     -4.824
    22.974     -4.824     -4.824
    29.796     -4.824     -4.824
    16.152      0.000     -4.824
    22.974      0.000     -4.824
    29.796      0.000     -4.824
    16.152      4.824     -4.824
    22.974      4.824     -4.824
    29.796      4.824     -4.824
    16.152      9.648     -4.824
    22.974      9.648     -4.824
    29.796      9.648     -4.824
    16.152     14.471     -4.824
    22.974     14.471     -4.824
    29.796     14.471     -4.824
    16.152     19.295     -4.824
    22.974     19.295     -4.824
    29.796     19.295     -4.824
    16.152     24.119     -4.824
    22.974     24.119     -4.824
    29.796     24.119     -4.824
    16.152     28.943     -4.824
    22.974     28.943     -4.824
    29.796     28.943     -4.824
    16.152     33.767     -4.824
    22.974     33.767     -4.824
    16.152     38.591     -4.824
    12.741    -41.002     -2.412
    12.741    -36.179     -2.412
    19.563    -36.179     -2.412
    12.741    -31.355     -2.412
    19.563    -31.355     -2.412
    26.385    -31.355     -2.412
    12.741    -26.531     -2.412
    19.563    -26.531     -2.412
    26.385    -26.531     -2.412
    12.741    -21.707     -2.412
    19.563    -21.707     -2.412
    26.385    -21.707     -2.412
    12.741    -16.883     -2.412
    19.563    -16.883     -2.412
    26.385    -16.883     -2.412
    12.741    -12.060     -2.412
    19.563    -12.060     -2.412
    26.385    -12.060     -2.412
    12.741     -7.236     -2.412
    19.563     -7.236     -2.412
    26.385     -7.236     -2.412
    12.741     -2.412     -2.412
    19.563     -2.412     -2.412
    26.385     -2.412     -2.412
    12.741      2.412     -2.412
    19.563      2.412     -2.412
    26.385      2.412     -2.412
    12.741      7.236     -2.412
    19.563      7.236     -2.412
    26.385      7.236     -2.412
    12.741     12.060     -2.412
    19.563     12.060     -2.412
    26.385     12.060     -2.412
    12.741     16.883     -2.412
    19.563     16.883     -2.412
    26.385     16.883     -2.412
    12.741     21.707     -2.412
    19.563     21.707     -2.412
    26.385     21.707     -2.412
    12.741     26.531     -2.412
    19.563     26.531     -2.412
    26.385     26.531     -2.412
    12.741     31.355     -2.412
    19.563     31.355     -2.412
    26.385     31.355     -2.412
    12.741     36.179     -2.412
    19.563     36.179     -2.412
    12.741     41.002     -2.412
    16.152    -38.591      0.000
    16.152    -33.767      0.000
    22.974    -33.767      0.000
    16.152    -28.943      0.000
    22.974    -28.943      0.000
    29.796    -28.943      0.000
    16.152    -24.119      0.000
    22.974    -24.119      0.000
    29.796    -24.119      0.000
    16.152    -19.295      0.000
    22.974    -19.295      0.000
    29.796    -19.295      0.000
    16.152    -14.471      0.000
    22.974    -14.471      0.000
    29.796    -14.471      0.000
    16.152     -9.648      0.000
    22.974     -9.648      0.000
    29.796     -9.648      0.000
    16.152     -4.824      0.000
    22.974     -4.824      0.000
    29.796     -4.824      0.000
    16.152      0.000      0.000
    22.974      0.000      0.000
    29.796      0.000      0.000
    16.152      4.824      0.000
    22.974      4.824      0.000
    29.796      4.824      0.000
    16.152      9.648      0.000
    22.974      9.648      0.000
    29.796      9.648      0.000
    16.152     14.471      0.000
    22.974     14.471      0.000
    29.796     14.471      0.000
    16.152     19.295      0.000
    22.974     19.295      0.000
    29.796     19.295      0.000
    16.152     24.119      0.000
    22.974     24.119      0.000
    29.796     24.119      0.000
    16.152     28.943      0.000
    22.974     28.943      0.000
    29.796     28.943      0.000
    16.152     33.767      0.000
    22.974     33.767      0.000
    16.152     38.591      0.000
    12.741    -41.002      2.412
    12.741    -36.179      2.412
    19.563    -36.179      2.412
    12.741    -31.355      2.412
    19.563    -31.355      2.412
    26.385    -31.355      2.412
    12.741    -26.531      2.412
    19.563    -26.531      2.412
    26.385    -26.531      2.412
    12.741    -21.707      2.412
    19.563    -21.707      2.412
    26.385    -21.707      2.412
    12.741    -16.883      2.412
    19.563    -16.883      2.412
    26.385    -16.883      2.412
    12.741    -12.060      2.412
    19.563    -12.060      2.412
    26.385    -12.060      2.412
    12.741     -7.236      2.412
    19.563     -7.236      2.412
    26.385     -7.236      2.412
    12.741     -2.412      2.412
    19.563     -2.412      2.412
    26.385     -2.412      2.412
    12.741      2.412      2.412
    19.563      2.412      2.412
    26.385      2.412      2.412
    12.741      7.236      2.412
    19.563      7.236      2.412
    26.385      7.236      2.412
    12.741     12.060      2.412
    19.563     12.060      2.412
    26.385     12.060      2.412
    12.741     16.883      2.412
    19.563     16.883      2.412
    26.385     16.883      2.412
    12.741     21.707      2.412
    19.563     21.707      2.412
    26.385     21.707      2.412
    12.741     26.531      2.412
    19.563     26.531      2.412
    26.385     26.531      2.412
    12.741     31.355      2.412
    19.563     31.355      2.412
    26.385     31.355      2.412
    12.741     36.179      2.412
    19.563     36.179      2.412
    12.741     41.002      2.412
    16.152    -38.591      4.824
    16.152    -33.767      4.824
    22.974    -33.767      4.824
    16.152    -28.943      4.824
    22.974    -28.943      4.824
    29.796    -28.943      4.824
    16.152    -24.119      4.824
    22.974    -24.119      4.824
    29.796    -24.119      4.824
    16.152    -19.295      4.824
    22.974    -19.295      4.824
    29.796    -19.295      4.824
    16.152    -14.471      4.824
    22.974    -14.471      4.824
    29.796    -14.471      4.824
    16.152     -9.648      4.824
    22.974     -9.648      4.824
    29.796     -9.648      4.824
    16.152     -4.824      4.824
    22.974     -4.824      4.824
    29.796     -4.824      4.824
    16.152      0.000      4.824
    22.974      0.000      4.824
    29.796      0.000      4.824
    16.152      4.824      4.824
    22.974      4.824      4.824
    29.796      4.824      4.824
    16.152      9.648      4.824
    22.974      9.648      4.824
    29.796      9.648      4.824
    16.152     14.471      4.824
    22.974     14.471      4.824
    29.796     14.471      4.824
    16.152     19.295      4.824
    22.974     19.295      4.824
    29.796     19.295      4.824
    16.152     24.119      4.824
    22.974     24.119      4.824
    29.796     24.119      4.824
    16.152     28.943      4.824
    22.974     28.943      4.824
    29.796     28.943      4.824
    16.152     33.767      4.824
    22.974     33.767      4.824
    16.152     38.591      4.824
    12.741    -41.002      7.236
    12.741    -36.179      7.236
    19.563    -36.179      7.236
    12.741    -31.355      7.236
    19.563    -31.355      7.236
    26.385    -31.355      7.236
    12.741    -26.531      7.236
    19.563    -26.531      7.236
    26.385    -26.531      7.236
    12.741    -21.707      7.236
    19.563    -21.707      7.236
    26.385    -21.707      7.236
    12.741    -16.883      7.236
    19.563    -16.883      7.236
    26.385    -16.883      7.236
    12.741    -12.060      7.236
    19.563    -12.060      7.236
    26.385    -12.060      7.236
    12.741     -7.236      7.236
    19.563     -7.236      7.236
    26.385     -7.236      7.236
    12.741     -2.412      7.236
    19.563     -2.412      7.236
    26.385     -2.412      7.236
    12.741      2.412      7.236
    19.563      2.412      7.236
    26.385      2.412      7.236
    12.741      7.236      7.236
    19.563      7.236      7.236
    26.385      7.236      7.236
    12.741     12.060      7.236
    19.563     12.060      7.236
    26.385     12.060      7.236
    12.741     16.883      7.236
    19.563     16.883      7.236
    26.385     16.883      7.236
    12.741     21.707      7.236
    19.563     21.707      7.236
    26.385     21.707      7.236
    12.741     26.531      7.236
    19.563     26.531      7.236
    26.385     26.531      7.236
    12.741     31.355      7.236
    19.563     31.355      7.236
    26.385     31.355      7.236
    12.741     36.179      7.236
    19.563     36.179      7.236
    12.741     41.002      7.236
    16.152    -38.591      9.648
    16.152    -33.767      9.648
    22.974    -33.767      9.648
    16.152    -28.943      9.648
    22.974    -28.943      9.648
    29.796    -28.943      9.648
    16.152    -24.119      9.648
    22.974    -24.119      9.648
    29.796    -24.119      9.648
    16.152    -19.295      9.648
    22.974    -19.295      9.648
    29.796    -19.295      9.648
    16.152    -14.471      9.648
    22.974    -14.471      9.648
    29.796    -14.471      9.648
    16.152     -9.648      9.648
    22.974     -9.648      9.648
    29.796     -9.648      9.648
    16.152     -4.824      9.648
    22.974     -4.824      9.648
    29.796     -4.824      9.648
    16.152      0.000      9.648
    22.974      0.000      9.648
    29.796      0.000      9.648
    16.152      4.824      9.648
    22.974      4.824      9.648
    29.796      4.824      9.648
    16.152      9.648      9.648
    22.974      9.648      9.648
    29.796      9.648      9.648
    16.152     14.471      9.648
    22.974     14.471      9.648
    29.796     14.471      9.648
    16.152     19.295      9.648
    22.974     19.295      9.648
    29.796     19.295      9.648
    16.152     24.119      9.648
    22.974     24.119      9.648
    29.796     24.119      9.648
    16.152     28.943      9.648
    22.974     28.943      9.648
    29.796     28.943      9.648
    16.152     33.767      9.648
    22.974     33.767      9.648
    16.152     38.591      9.648
    12.741    -41.002     12.060
    12.741    -36.179     12.060
    19.563    -36.179     12.060
    12.741    -31.355     12.060
    19.563    -31.355     12.060
    26.385    -31.355     12.060
    12.741    -26.531     12.060
    19.563    -26.531     12.060
    26.385    -26.531     12.060
    12.741    -21.707     12.060
    19.563    -21.707     12.060
    26.385    -21.707     12.060
    12.741    -16.883     12.060
    19.563    -16.883     12.060
    26.385    -16.883     12.060
    12.741    -12.060     12.060
    19.563    -12.060     12.060
    26.385    -12.060     12.060
    12.741     -7.236     12.060
    19.563     -7.236     12.060
    26.385     -7.236     12.060
    12.741     -2.412     12.060
    19.563     -2.412     12.060
    26.385     -2.412     12.060
    12.741      2.412     12.060
    19.563      2.412     12.060
    26.385      2.412     12.060
    12.741      7.236     12.060
    19.563      7.236     12.060
    26.385      7.236     12.060
    12.741     12.060     12.060
    19.563     12.060     12.060
    26.385     12.060     12.060
    12.741     16.883     12.060
    19.563     16.883     12.060
    26.385     16.883     12.060
    12.741     21.707     12.060
    19.563     21.707     12.060
    26.385     21.707     12.060
    12.741     26.531     12.060
    19.563     26.531     12.060
    26.385     26.531     12.060
    12.741     31.355     12.060
    19.563     31.355     12.060
    26.385     31.355     12.060
    12.741     36.179     12.060
    19.563     36.179     12.060
    12.741     41.002     12.060
    16.152    -38.591     14.471
    16.152    -33.767     14.471
    22.974    -33.767     14.471
    16.152    -28.943     14.471
    22.974    -28.943     14.471
    29.796    -28.943     14.471
    16.152    -24.119     14.471
    22.974    -24.119     14.471
    29.796    -24.119     14.471
    16.152    -19.295     14.471
    22.974    -19.295     14.471
    29.796    -19.295     14.471
    16.152    -14.471     14.471
    22.974    -14.471     14.471
    29.796    -14.471     14.471
    16.152     -9.648     14.471
    22.974     -9.648     14.471
    29.796     -9.648     14.471
    16.152     -4.824     14.471
    22.974     -4.824     14.471
    29.796     -4.824     14.471
    16.152      0.000     14.471
    22.974      0.000     14.471
    29.796      0.000     14.471
    16.152      4.824     14.471
    22.974      4.824     14.471
    29.796      4.824     14.471
    16.152      9.648     14.471
    22.974      9.648     14.471
    29.796      9.648     14.471
    16.152     14.471     14.471
    22.974     14.471     14.471
    29.796     14.471     14.471
    16.152     19.295     14.471
    22.974     19.295     14.471
    29.796     19.295     14.471
    16.152     24.119     14.471
    22.974     24.119     14.471
    29.796     24.119     14.471
    16.152     28.943     14.471
    22.974     28.943     14.471
    29.796     28.943     14.471
    16.152     33.767     14.471
    22.974     33.767     14.471
    16.152     38.591     14.471
    12.741    -41.002     16.883
    12.741    -36.179     16.883
    19.563    -36.179     16.883
    12.741    -31.355     16.883
    19.563    -31.355     16.883
    26.385    -31.355     16.883
    12.741    -26.531     16.883
    19.563    -26.531     16.883
    26.385    -26.531     16.883
    12.741    -21.707     16.883
    19.563    -21.707     16.883
    26.385    -21.707     16.883
    12.741    -16.883     16.883
    19.563    -16.883     16.883
    26.385    -16.883     16.883
    12.741    -12.060     16.883
    19.563    -12.060     16.883
    26.385    -12.060     16.883
    12.741     -7.236     16.883
    19.563     -7.236     16.883
    26.385     -7.236     16.883
    12.741     -2.412     16.883
    19.563     -2.412     16.883
    26.385     -2.412     16.883
    12.741      2.412     16.883
    19.563      2.412     16.883
    26.385      2.412     16.883
    12.741      7.236     16.883
    19.563      7.236     16.883
    26.385      7.236     16.883
    12.741     12.060     16.883
    19.563     12.060     16.883
    26.385     12.060     16.883
    12.741     16.883     16.883
    19.563     16.883     16.883
    26.385     16.883     16.883
    12.741     21.707     16.883
    19.563     21.707     16.883
    26.385     21.707     16.883
    12.741     26.531     16.883
    19.563     26.531     16.883
    26.385     26.531     16.883
    12.741     31.355     16.883
    19.563     31.355     16.883
    26.385     31.355     16.883
    12.741     36.179     16.883
    19.563     36.179     16.883
    12.741     41.002     16.883
    16.152    -38.591     19.295
    16.152    -33.767     19.295
    22.974    -33.767     19.295
    16.152    -28.943     19.295
    22.974    -28.943     19.295
    29.796    -28.943     19.295
    16.152    -24.119     19.295
    22.974    -24.119     19.295
    29.796    -24.119     19.295
    16.152    -19.295     19.295
    22.974    -19.295     19.295
    29.796    -19.295     19.295
    16.152    -14.471     19.295
    22.974    -14.471     19.295
    29.796    -14.471     19.295
    16.152     -9.648     19.295
    22.974     -9.648     19.295
    29.796     -9.648     19.295
    16.152     -4.824     19.295
    22.974     -4.824     19.295
    29.796     -4.824     19.295
    16.152      0.000     19.295
    22.974      0.000     19.295
    29.796      0.000     19.295
    16.152      4.824     19.295
    22.974      4.824     19.295
    29.796      4.824     19.295
    16.152      9.648     19.295
    22.974      9.648     19.295
    29.796      9.648     19.295
    16.152     14.471     19.295
    22.974     14.471     19.295
    29.796     14.471     19.295
    16.152     19.295     19.295
    22.974     19.295     19.295
    29.796     19.295     19.295
    16.152     24.119     19.295
    22.974     24.119     19.295
    29.796     24.119     19.295
    16.152     28.943     19.295
    22.974     28.943     19.295
    29.796     28.943     19.295
    16.152     33.767     19.295
    22.974     33.767     19.295
    16.152     38.591     19.295
    12.741    -41.002     21.707
    12.741    -36.179     21.707
    19.563    -36.179     21.707
    12.741    -31.355     21.707
    19.563    -31.355     21.707
    26.385    -31.355     21.707
    12.741    -26.531     21.707
    19.563    -26.531     21.707
    26.385    -26.531     21.707
    12.741    -21.707     21.707
    19.563    -21.707     21.707
    26.385    -21.707     21.707
    12.741    -16.883     21.707
    19.563    -16.883     21.707
    26.385    -16.883     21.707
    12.741    -12.060     21.707
    19.563    -12.060     21.707
    26.385    -12.060     21.707
    12.741     -7.236     21.707
    19.563     -7.236     21.707
    26.385     -7.236     21.707
    12.741     -2.412     21.707
    19.563     -2.412     21.707
    26.385     -2.412     21.707
    12.741      2.412     21.707
    19.563      2.412     21.707
    26.385      2.412     21.707
    12.741      7.236     21.707
    19.563      7.236     21.707
    26.385      7.236     21.707
    12.741     12.060     21.707
    19.563     12.060     21.707
    26.385     12.060     21.707
    12.741     16.883     21.707
    19.563     16.883     21.707
    26.385     16.883     21.707
    12.741     21.707     21.707
    19.563     21.707     21.707
    26.385     21.707     21.707
    12.741     26.531     21.707
    19.563     26.531     21.707
    26.385     26.531     21.707
    12.741     31.355     21.707
    19.563     31.355     21.707
    26.385     31.355     21.707
    12.741     36.179     21.707
    19.563     36.179     21.707
    12.741     41.002     21.707
    16.152    -38.591     24.119
    16.152    -33.767     24.119
    22.974    -33.767     24.119
    16.152    -28.943     24.119
    22.974    -28.943     24.119
    29.796    -28.943     24.119
    16.152    -24.119     24.119
    22.974    -24.119     24.119
    29.796    -24.119     24.119
    16.152    -19.295     24.119
    22.974    -19.295     24.119
    29.796    -19.295     24.119
    16.152    -14.471     24.119
    22.974    -14.471     24.119
    29.796    -14.471     24.119
    16.152     -9.648     24.119
    22.974     -9.648     24.119
    29.796     -9.648     24.119
    16.152     -4.824     24.119
    22.974     -4.824     24.119
    29.796     -4.824     24.119
    16.152      0.000     24.119
    22.974      0.000     24.119
    29.796      0.000     24.119
    16.152      4.824     24.119
    22.974      4.824     24.119
    29.796      4.824     24.119
    16.152      9.648     24.119
    22.974      9.648     24.119
    29.796      9.648     24.119
    16.152     14.471     24.119
    22.974     14.471     24.119
    29.796     14.471     24.119
    16.152     19.295     24.119
    22.974     19.295     24.119
    29.796     19.295     24.119
    16.152     24.119     24.119
    22.974     24.119     24.119
    29.796     24.119     24.119
    16.152     28.943     24.119
    22.974     28.943     24.119
    29.796     28.943     24.119
    16.152     33.767     24.119
    22.974     33.767     24.119
    16.152     38.591     24.119
    12.741    -41.002     26.531
    12.741    -36.179     26.531
    19.563    -36.179     26.531
    12.741    -31.355     26.531
    19.563    -31.355     26.531
    26.385    -31.355     26.531
    12.741    -26.531     26.531
    19.563    -26.531     26.531
    26.385    -26.531     26.531
    12.741    -21.707     26.531
    19.563    -21.707     26.531
    26.385    -21.707     26.531
    12.741    -16.883     26.531
    19.563    -16.883     26.531
    26.385    -16.883     26.531
    12.741    -12.060     26.531
    19.563    -12.060     26.531
    26.385    -12.060     26.531
    12.741     -7.236     26.531
    19.563     -7.236     26.531
    26.385     -7.236     26.531
    12.741     -2.412     26.531
    19.563     -2.412     26.531
    26.385     -2.412     26.531
    12.741      2.412     26.531
    19.563      2.412     26.531
    26.385      2.412     26.531
    12.741      7.236     26.531
    19.563      7.236     26.531
    26.385      7.236     26.531
    12.741     12.060     26.531
    19.563     12.060     26.531
    26.385     12.060     26.531
    12.741     16.883     26.531
    19.563     16.883     26.531
    26.385     16.883     26.531
    12.741     21.707     26.531
    19.563     21.707     26.531
    26.385     21.707     26.531
    12.741     26.531     26.531
    19.563     26.531     26.531
    26.385     26.531     26.531
    12.741     31.355     26.531
    19.563     31.355     26.531
    26.385     31.355     26.531
    12.741     36.179     26.531
    19.563     36.179     26.531
    12.741     41.002     26.531
    16.152    -38.591     28.943
    16.152    -33.767     28.943
    22.974    -33.767     28.943
    16.152    -28.943     28.943
    22.974    -28.943     28.943
    29.796    -28.943     28.943
    16.152    -24.119     28.943
    22.974    -24.119     28.943
    29.796    -24.119     28.943
    16.152    -19.295     28.943
    22.974    -19.295     28.943
    29.796    -19.295     28.943
    16.152    -14.471     28.943
    22.974    -14.471     28.943
    29.796    -14.471     28.943
    16.152     -9.648     28.943
    22.974     -9.648     28.943
    29.796     -9.648     28.943
    16.152     -4.824     28.943
    22.974     -4.824     28.943
    29.796     -4.824     28.943
    16.152      0.000     28.943
    22.974      0.000     28.943
    29.796      0.000     28.943
    16.152      4.824     28.943
    22.974      4.824     28.943
    29.796      4.824     28.943
    16.152      9.648     28.943
    22.974      9.648     28.943
    29.796      9.648     28.943
    16.152     14.471     28.943
    22.974     14.471     28.943
    29.796     14.471     28.943
    16.152     19.295     28.943
    22.974     19.295     28.943
    29.796     19.295     28.943
    16.152     24.119     28.943
    22.974     24.119     28.943
    29.796     24.119     28.943
    16.152     28.943     28.943
    22.974     28.943     28.943
    29.796     28.943     28.943
    16.152     33.767     28.943
    22.974     33.767     28.943
    16.152     38.591     28.943
    12.741    -41.002     31.355
    12.741    -36.179     31.355
    19.563    -36.179     31.355
    12.741    -31.355     31.355
    19.563    -31.355     31.355
    26.385    -31.355     31.355
    12.741    -26.531     31.355
    19.563    -26.531     31.355
    26.385    -26.531     31.355
    12.741    -21.707     31.355
    19.563    -21.707     31.355
    26.385    -21.707     31.355
    12.741    -16.883     31.355
    19.563    -16.883     31.355
    26.385    -16.883     31.355
    12.741    -12.060     31.355
    19.563    -12.060     31.355
    26.385    -12.060     31.355
    12.741     -7.236     31.355
    19.563     -7.236     31.355
    26.385     -7.236     31.355
    12.741     -2.412     31.355
    19.563     -2.412     31.355
    26.385     -2.412     31.355
    12.741      2.412     31.355
    19.563      2.412     31.355
    26.385      2.412     31.355
    12.741      7.236     31.355
    19.563      7.236     31.355
    26.385      7.236     31.355
    12.741     12.060     31.355
    19.563     12.060     31.355
    26.385     12.060     31.355
    12.741     16.883     31.355
    19.563     16.883     31.355
    26.385     16.883     31.355
    12.741     21.707     31.355
    19.563     21.707     31.355
    26.385     21.707     31.355
    12.741     26.531     31.355
    19.563     26.531     31.355
    26.385     26.531     31.355
    12.741     31.355     31.355
    19.563     31.355     31.355
    26.385     31.355     31.355
    12.741     36.179     31.355
    19.563     36.179     31.355
    12.741     41.002     31.355
    16.152    -38.591     33.767
    16.152    -33.767     33.767
    22.974    -33.767     33.767
    16.152    -28.943     33.767
    22.974    -28.943     33.767
    16.152    -24.119     33.767
    22.974    -24.119     33.767
    16.152    -19.295     33.767
    22.974    -19.295     33.767
    16.152    -14.471     33.767
    22.974    -14.471     33.767
    16.152     -9.648     33.767
    22.974     -9.648     33.767
    16.152     -4.824     33.767
    22.974     -4.824     33.767
    16.152      0.000     33.767
    22.974      0.000     33.767
    16.152      4.824     33.767
    22.974      4.824     33.767
    16.152      9.648     33.767
    22.974      9.648     33.767
    16.152     14.471     33.767
    22.974     14.471     33.767
    16.152     19.295     33.767
    22.974     19.295     33.767
    16.152     24.119     33.767
    22.974     24.119     33.767
    16.152     28.943     33.767
    22.974     28.943     33.767
    16.152     33.767     33.767
    22.974     33.767     33.767
    16.152     38.591     33.767
    12.741    -41.002     36.179
    12.741    -36.179     36.179
    19.563    -36.179     36.179
    12.741    -31.355     36.179
    19.563    -31.355     36.179
    12.741    -26.531     36.179
    19.563    -26.531     36.179
    12.741    -21.707     36.179
    19.563    -21.707     36.179
    12.741    -16.883     36.179
    19.563    -16.883     36.179
    12.741    -12.060     36.179
    19.563    -12.060     36.179
    12.741     -7.236     36.179
    19.563     -7.236     36.179
    12.741     -2.412     36.179
    19.563     -2.412     36.179
    12.741      2.412     36.179
    19.563      2.412     36.179
    12.741      7.236     36.179
    19.563      7.236     36.179
    12.741     12.060     36.179
    19.563     12.060     36.179
    12.741     16.883     36.179
    19.563     16.883     36.179
    12.741     21.707     36.179
    19.563     21.707     36.179
    12.741     26.531     36.179
    19.563     26.531     36.179
    12.741     31.355     36.179
    19.563     31.355     36.179
    12.741     36.179     36.179
    19.563     36.179     36.179
    12.741     41.002     36.179
    16.152    -38.591     38.591
    16.152    -33.767     38.591
    16.152    -28.943     38.591
    16.152    -24.119     38.591
    16.152    -19.295     38.591
    16.152    -14.471     38.591
    16.152     -9.648     38.591
    16.152     -4.824     38.591
    16.152      0.000     38.591
    16.152      4.824     38.591
    16.152      9.648     38.591
    16.152     14.471     38.591
    16.152     19.295     38.591
    16.152     24.119     38.591
    16.152     28.943     38.591
    16.152     33.767     38.591
    16.152     38.591     38.591
    12.741    -41.002     41.002
    12.741    -36.179     41.002
    12.741    -31.355     41.002
    12.741    -26.531     41.002
    12.741    -21.707     41.002
    12.741    -16.883     41.002
    12.741    -12.060     41.002
    12.741     -7.236     41.002
    12.741     -2.412     41.002
    12.741      2.412     41.002
    12.741      7.236     41.002
    12.741     12.060     41.002
    12.741     16.883     41.002
    12.741     21.707     41.002
    12.741     26.531     41.002
    12.741     31.355     41.002
    12.741     36.179     41.002
    12.741     41.002     41.002
